      2 1
      1 3
      1 5
      5 8
      2 12
      6 13
      1 14
      9 15
      1 16
      1 20
      1 27
      1 28
      1 30
      1 31
      1 32
      1 33
      1 34
      1 35
      1 38
      1 41
      1 42
      1 43
      1 47
      1 51
      2 56
      2 57
      4 59
      1 65
      7 67
      3 68
      1 69
      1 71
      2 76
      4 77
      2 81
      1 82
     10 83
      1 84
      1 85
      1 86
      1 96
      1 97
      1 98
      1 99
      1 101
      1 102
      1 103
      1 104
      1 105
      1 106
      1 108
      1 109
      1 110
      1 111
      1 112
      1 113
      1 114
      3 115
      1 118
      1 119
      1 120
      2 151
      1 154
      1 159
      1 163
      1 164
      3 170
      2 172
      5 173
      2 187
      1 188
      1 189
      1 190
      1 197
      1 200
      1 202
      1 208
      1 214
      8 217
      1 220
      1 222
      1 226
      7 229
      2 230
      1 231
      4 232
      6 233
     29 234
      6 235
      2 237
     11 239
      2 240
      9 241
      1 242
      1 246
      2 247
      1 248
      1 251
      3 253
      1 254
      2 256
      3 258
      2 259
      1 264
      1 268
      1 269
      1 270
      2 271
      1 273
      2 279
      2 282
      2 283
      2 292
      1 294
      1 296
      2 298
      1 302
      1 304
      3 305
      1 308
      1 309
      1 312
      1 320
      2 324
      1 325
      1 326
      3 328
      1 329
      2 332
      2 333
      1 334
      1 335
      2 339
      2 340
      2 345
      4 346
      2 349
      1 356
      4 357
      3 361
      1 362
      2 363
      2 366
      1 367
      1 370
      4 371
      3 372
      5 373
      7 375
      1 377
      1 378
      3 381
      3 382
      1 384
      7 386
      1 393
     10 396
      4 399
      1 400
      3 404
      2 406
      2 408
      2 409
      2 410
      1 413
      1 414
      1 415
      1 416
      2 417
      1 418
      4 419
      1 422
      1 427
      2 428
      2 429
      2 430
      1 432
      1 435
      1 437
      2 439
      1 440
      2 441
      3 442
      4 444
      4 448
      2 449
      3 451
      3 452
      2 454
      2 455
      1 456
      1 457
      2 458
      1 461
      1 462
      4 464
      1 465
      4 469
      1 470
      1 471
      3 473
      3 475
      8 476
      2 477
      5 478
      3 479
      6 480
      3 481
      3 483
      1 484
      3 486
      1 487
      3 491
      1 492
      1 493
      1 494
     14 497
      1 500
      6 503
      1 510
      3 511
      1 512
      1 513
      4 514
      4 516
      2 518
      3 519
      2 520
      1 522
      2 523
      2 524
      1 525
      1 526
      2 527
      2 529
      1 534
      1 535
      2 536
      3 538
      2 539
      6 544
      1 545
      1 549
      6 552
      1 554
      4 555
      1 556
      3 561
      4 563
      3 564
      3 566
      2 569
      2 571
      1 573
      1 574
      2 575
      1 576
      2 578
      1 581
      2 582
      1 585
      3 587
      2 589
      3 590
      1 597
      1 598
      2 599
      1 600
      3 603
      1 607
      2 608
      2 609
      3 611
      4 612
      2 616
      2 617
      1 618
      1 620
      2 621
      1 623
      1 624
      1 625
      2 626
      8 628
      4 629
      1 630
      3 635
      1 637
      5 638
      1 640
      1 642
      1 643
      1 654
      3 658
      2 659
      1 664
      3 666
      1 667
      5 669
      3 670
      1 676
      1 687
      1 689
      1 695
      2 696
      1 699
      1 700
      1 704
      1 706
      6 707
      1 708
      1 709
      3 710
      2 711
      2 714
      1 717
      3 719
      1 720
      4 725
      1 726
      1 727
      1 743
      9 748
      2 749
      1 750
      3 751
      2 752
      2 755
      3 757
      1 760
      1 761
      1 763
      2 765
      1 766
      1 772
      1 775
      1 776
      1 779
      1 780
      3 781
      1 782
      1 795
      1 797
      1 803
      1 809
      1 817
      1 820
      3 823
      1 828
      1 831
      3 833
      1 841
      1 848
      1 849
      1 852
      2 853
      1 856
      1 861
      1 862
      2 872
      5 876
      2 877
      1 888
      1 897
      1 898
      1 901
      1 907
      2 908
      1 920
      1 923
      3 929
      3 931
      3 932
      1 933
      1 939
      1 941
      1 942
      1 943
      2 946
      2 948
      2 950
      1 951
      1 953
      5 954
      3 956
      1 957
      1 963
      1 965
      1 969
      1 974
      2 976
      1 979
      1 995
      1 1006
      1 1008
      1 1010
      7 1011
      4 1016
      1 1018
      2 1021
      4 1022
      1 1023
      3 1025
      1 1028
      5 1031
      1 1034
      1 1035
      1 1037
      1 1040
      1 1047
      1 1048
      2 1050
      1 1052
      2 1065
      2 1066
      1 1068
      1 1069
      7 1071
      1 1072
      1 1073
      2 1075
      1 1076
      5 1079
      9 1080
      1 1081
      1 1087
      3 1090
      1 1093
      3 1094
      1 1095
      1 1097
      2 1099
      2 1100
      1 1103
      2 1104
      6 1105
     16 1106
      3 1107
      2 1109
      1 1110
      6 1111
      7 1112
      4 1114
     12 1115
      1 1118
      1 1119
      1 1124
      4 1125
      2 1126
      3 1129
      7 1133
      1 1134
      2 1135
      2 1136
      3 1137
      2 1139
     13 1140
      2 1141
      8 1142
      1 1144
      3 1146
      2 1147
      1 1148
      1 1149
      1 1150
      1 1151
      1 1152
      1 1153
      4 1154
      1 1157
      1 1163
      1 1165
      7 1168
      1 1170
      1 1171
      2 1172
      2 1173
      1 1176
      1 1177
      2 1180
      1 1183
      2 1184
      1 1187
      1 1190
      4 1191
      1 1192
      4 1194
      1 1196
      4 1202
      2 1206
      1 1207
      3 1208
      1 1209
      1 1212
      8 1214
      1 1222
      1 1225
      4 1228
      2 1229
      1 1234
      1 1235
      2 1237
      1 1243
      1 1244
      1 1246
      1 1248
      1 1249
      1 1253
      1 1254
      1 1256
      2 1257
      3 1260
      3 1261
      1 1266
      1 1269
      1 1270
      1 1272
      2 1274
      1 1276
      1 1281
      1 1284
      1 1285
      1 1292
      1 1303
      2 1304
      1 1305
      3 1306
      1 1310
      1 1314
      1 1316
      2 1318
      3 1329
      1 1330
      1 1333
      1 1338
      1 1341
      2 1344
      1 1349
      2 1356
      2 1357
      1 1360
      1 1361
      1 1365
      1 1367
      1 1369
      2 1370
      1 1373
      1 1374
      1 1375
      1 1377
      1 1382
      1 1383
      1 1388
      7 1389
      1 1390
      1 1392
      5 1393
      1 1399
      1 1402
      2 1407
      3 1409
     12 1410
      2 1411
      5 1412
      3 1413
      1 1414
      1 1415
      5 1418
      1 1424
      1 1431
      1 1433
      1 1434
      1 1438
      2 1439
      3 1440
      1 1441
      2 1444
      7 1446
      3 1448
      1 1449
      3 1450
      7 1454
      6 1455
      1 1456
      1 1458
      1 1461
      4 1462
      1 1463
      1 1464
      2 1465
      2 1469
      3 1470
      4 1471
     13 1472
      7 1473
      1 1475
      1 1477
      1 1478
      2 1481
      4 1482
      1 1484
      1 1488
      2 1489
      7 1490
      4 1496
      2 1498
      8 1502
      1 1503
      1 1505
      9 1506
      1 1507
      3 1509
      3 1518
      3 1519
      4 1520
      1 1521
      2 1522
      1 1527
      1 1534
      1 1556
      2 1558
      1 1575
      1 1576
      7 1581
      1 1582
      1 1583
      7 1584
      5 1585
      1 1586
      7 1587
      5 1588
      1 1589
      5 1590
      1 1591
      5 1592
      1 1593
      7 1594
      7 1595
      7 1596
      5 1597
      1 1598
      5 1599
      1 1600
      7 1601
      7 1602
      5 1603
      1 1604
      1 1605
      5 1606
      1 1607
      5 1608
      5 1609
      5 1610
      1 1611
      7 1612
      6 1613
      6 1614
      1 1616
      2 1617
      2 1626
      1 1631
      2 1649
      1 1652
      1 1655
      1 1658
      1 1660
      2 1663
      1 1664
      2 1668
      1 1669
      4 1676
      2 1677
      1 1683
      2 1687
      3 1692
      1 1694
      2 1699
      1 1701
      1 1702
      1 1703
      1 1704
      1 1711
      1 1718
      3 1720
      1 1731
      2 1732
      1 1756
      1 1757
      1 1765
      4 1770
      1 1772
      1 1777
      1 1779
      1 1780
      2 1782
      2 1784
      1 1790
      1 1809
      1 1813
      1 1827
      1 1829
      1 1837
      1 1840
      1 1847
      1 1852
      6 1853
      1 1854
      1 1855
      2 1856
      1 1857
      3 1860
      2 1862
      1 1863
      5 1867
      6 1870
      3 1871
      6 1872
      3 1873
      3 1874
     10 1875
      2 1876
      1 1877
      2 1880
      1 1881
      3 1886
      1 1887
      3 1888
      1 1891
     20 1892
      1 1894
      2 1895
      5 1897
      2 1899
      2 1900
      2 1901
      3 1902
      2 1903
      1 1904
      1 1906
      2 1908
      1 1909
      2 1911
      2 1912
      1 1913
      1 1914
      1 1915
      1 1916
      1 1922
      1 1923
      1 1924
      1 1933
      2 1941
      1 1942
      1 1947
      1 1948
      3 1949
      1 1952
     10 1955
      1 1956
      2 1958
      3 1959
      3 1960
      1 1962
      9 1964
      1 1965
      5 1971
      2 1972
      2 1974
      1 1977
      3 1978
      2 1981
      3 1982
      1 1983
      1 1985
      1 1990
      1 1991
      3 1994
      1 1995
      1 1996
      1 2006
      1 2007
      1 2018
      5 2020
      1 2022
      4 2023
      2 2024
      8 2025
      1 2026
      1 2027
      4 2029
      3 2030
      3 2031
      2 2034
     13 2035
      1 2036
      1 2037
      1 2038
      1 2043
      1 2044
      1 2070
      1 2073
      1 2078
      2 2081
      2 2082
     24 2083
      4 2084
      4 2085
      1 2086
      7 2087
      4 2088
      8 2090
      5 2091
      2 2095
      6 2099
      1 2101
      5 2102
      1 2103
      2 2108
      1 2116
      2 2118
      2 2119
      1 2125
      3 2127
      2 2129
      3 2130
      1 2131
      1 2132
      2 2135
      7 2138
      2 2140
      1 2149
      1 2150
      1 2155
      1 2165
      1 2169
      1 2170
      1 2176
      1 2177
      1 2178
      4 2179
      1 2181
      1 2182
      1 2184
      2 2185
      2 2186
      5 2187
     10 2188
      1 2192
      1 2193
      1 2195
      1 2198
      4 2202
      1 2204
      3 2205
      1 2209
      1 2211
      1 2212
      1 2221
      9 2222
      1 2223
      1 2224
     17 2226
      3 2227
      2 2228
      1 2229
      1 2230
      1 2231
      4 2232
      1 2235
      2 2238
      2 2239
      1 2240
     29 2243
      9 2245
     16 2247
      1 2252
      1 2253
      1 2255
      1 2258
      1 2260
      8 2261
      7 2263
      2 2265
      1 2271
      2 2272
      2 2276
      3 2278
      1 2279
      1 2281
      1 2283
      1 2284
      2 2286
      2 2287
      1 2288
      1 2289
      1 2290
      3 2297
      1 2299
      2 2300
      1 2301
      3 2303
      1 2306
      4 2307
      2 2309
      1 2312
      2 2313
      1 2315
      1 2316
      1 2319
      2 2320
      5 2321
      6 2322
      2 2323
      2 2324
     10 2325
      1 2326
      6 2328
      1 2332
      1 2337
      2 2343
      3 2344
      2 2346
      3 2350
      1 2352
      3 2354
      2 2357
      3 2358
      1 2359
      1 2361
      1 2363
      2 2365
      3 2366
      1 2368
      3 2369
      1 2370
      2 2371
      4 2373
      6 2374
      4 2375
      6 2377
      5 2378
      1 2381
      3 2382
      2 2387
      2 2389
      1 2390
      4 2392
      5 2395
      1 2396
      1 2397
      1 2398
      1 2399
      1 2400
      1 2401
      2 2402
      4 2403
      3 2404
      1 2406
      4 2407
      2 2409
      2 2413
      1 2415
      4 2417
      1 2422
      5 2423
      1 2425
      1 2426
      2 2427
      2 2429
     17 2432
      2 2434
      4 2437
      1 2438
      2 2442
      1 2447
      1 2448
      4 2451
      2 2453
      1 2454
      2 2456
      1 2457
      4 2461
     10 2463
      5 2466
      1 2468
      2 2469
      2 2471
     14 2472
      4 2473
     10 2475
      1 2476
      1 2477
      1 2480
      3 2485
      1 2487
      3 2488
      1 2489
      2 2490
      1 2491
      1 2494
      6 2496
      5 2497
     10 2501
      2 2503
      1 2505
      2 2506
      6 2509
      1 2510
      1 2515
      1 2516
      7 2517
     23 2518
      7 2519
      1 2521
      7 2523
      7 2524
      2 2525
      3 2529
      2 2531
      2 2532
      4 2534
      1 2536
      5 2537
      1 2538
      1 2544
      4 2548
      2 2553
      1 2555
      1 2556
      1 2562
      4 2563
      2 2564
      2 2565
      3 2566
      1 2567
      1 2568
      2 2570
      1 2572
      1 2575
      1 2576
      1 2579
      1 2580
      3 2581
      1 2582
      4 2583
      5 2584
      3 2585
      1 2589
      1 2592
      2 2595
      1 2596
      2 2597
      1 2600
      1 2606
      1 2607
      2 2610
      1 2613
      3 2616
      1 2617
      4 2622
      1 2626
      1 2628
      1 2629
      1 2630
      1 2631
      2 2633
      1 2637
      1 2642
      9 2643
      1 2644
      5 2645
      2 2646
      1 2647
      1 2648
      5 2650
      3 2651
      1 2652
      1 2653
      3 2655
      7 2656
      2 2659
      1 2660
      1 2661
      1 2665
      1 2666
      1 2667
      1 2668
      2 2669
      1 2670
      7 2671
      1 2672
      1 2675
      1 2676
      1 2678
      2 2681
      7 2683
      1 2684
      2 2685
      2 2686
      9 2688
      1 2690
      1 2691
      5 2695
      4 2696
      3 2697
      1 2702
      1 2705
      1 2713
      2 2714
      2 2715
      1 2716
      2 2718
      1 2719
      4 2720
      2 2721
      3 2728
      2 2730
      3 2744
      1 2750
      1 2751
      1 2756
      1 2757
      1 2767
      1 2768
      1 2769
      1 2774
      1 2775
      1 2776
      1 2777
      1 2778
      1 2779
      1 2788
      1 2789
      2 2797
      1 2805
      2 2818
      2 2827
      1 2835
      1 2836
      1 2838
      1 2839
      1 2840
      2 2844
      3 2845
      9 2847
      3 2849
      1 2853
      4 2855
      1 2857
      1 2858
      1 2861
      8 2862
      2 2863
      9 2864
      5 2868
      2 2869
      4 2874
      2 2878
      1 2879
      2 2881
      1 2882
      1 2885
      1 2886
      1 2887
      1 2893
      1 2896
      1 2900
      1 2902
      2 2904
      1 2908
      1 2911
      1 2915
      1 2917
      2 2918
      5 2920
      2 2921
      3 2922
      2 2926
      1 2930
      2 2933
      2 2934
      1 2939
      2 2945
      1 2946
      7 2951
      1 2952
      1 2955
      1 2956
      5 2957
      5 2958
      1 2960
      3 2963
     17 2964
      9 2967
      1 2971
      1 2975
      5 2979
      2 2980
      5 2981
      2 2982
      2 2984
      2 2985
      5 2986
      2 2987
      2 2988
      1 2989
      1 2990
     15 2994
      4 2995
      3 2996
      1 2997
      2 3000
      3 3001
      5 3002
      9 3003
      2 3008
     10 3012
      2 3015
      2 3019
      1 3021
      1 3024
      5 3033
      1 3034
      2 3035
      1 3036
      1 3037
      1 3038
      2 3040
      2 3041
      3 3044
      3 3046
      1 3054
      1 3056
      1 3059
      1 3062
      2 3064
      2 3067
      2 3068
      2 3069
      2 3070
      1 3079
      1 3080
      1 3084
      1 3085
      1 3086
      1 3090
      1 3094
      1 3098
      2 3102
      1 3103
      1 3104
      1 3108
      4 3109
      2 3110
      8 3111
     11 3116
      5 3117
      3 3118
     11 3120
      3 3122
      4 3123
      2 3124
      1 3126
      1 3129
      2 3130
      1 3131
      1 3132
      2 3134
      1 3143
      2 3146
      5 3147
      1 3148
      8 3149
      4 3152
      5 3154
      2 3155
      4 3156
      3 3157
      1 3162
      3 3178
      3 3181
      1 3183
      1 3184
      2 3186
      2 3187
      1 3189
      1 3190
      2 3191
      2 3193
      1 3195
      1 3196
      1 3197
      1 3198
      3 3199
      2 3201
      2 3204
      4 3205
      1 3209
      2 3210
      1 3212
      1 3216
      5 3217
      4 3219
      1 3228
      1 3232
      2 3233
      6 3235
      1 3236
      1 3238
      3 3239
      3 3240
      1 3244
      4 3245
      1 3246
      3 3248
      1 3252
      6 3253
      1 3255
      1 3256
      1 3257
      1 3258
      2 3259
      1 3260
      2 3263
      1 3265
      1 3266
      1 3270
      2 3272
      1 3273
      2 3275
      3 3278
      1 3279
      1 3281
      1 3290
      1 3294
      1 3296
      1 3297
      1 3301
      1 3303
      2 3304
      1 3305
      4 3306
      2 3307
      3 3310
      1 3313
      1 3314
      1 3315
      3 3316
      1 3319
      1 3327
      6 3330
      1 3331
      3 3332
      1 3343
      7 3348
      1 3351
      1 3352
      2 3354
      1 3357
      6 3360
      1 3362
      1 3365
      3 3368
      1 3371
      2 3372
      2 3374
      1 3375
      1 3379
      1 3381
      1 3384
      1 3392
      1 3394
      4 3404
      3 3405
      1 3406
      1 3409
      1 3414
      2 3415
      1 3418
      1 3419
      3 3420
      3 3421
      2 3422
      1 3425
      2 3427
      1 3433
      1 3434
      2 3439
      1 3440
      1 3441
      3 3442
      1 3444
      1 3446
      1 3450
      5 3452
      1 3453
      1 3455
      1 3456
      1 3467
      1 3468
      1 3469
      1 3470
      1 3473
      5 3476
      1 3479
      1 3480
      5 3482
      1 3483
      8 3484
      2 3485
      2 3486
      1 3490
      1 3491
      3 3492
      4 3493
      5 3494
      1 3495
      4 3496
      1 3497
      1 3498
      8 3499
     10 3500
      5 3501
      6 3502
      5 3503
      4 3504
      2 3505
      1 3508
      1 3510
      5 3511
      3 3513
      5 3514
      1 3516
      2 3518
      9 3520
      3 3524
      1 3525
      2 3526
      1 3527
      2 3528
      5 3529
      2 3530
      4 3532
      3 3533
      4 3534
      2 3536
      7 3538
      1 3540
      1 3541
      1 3542
      1 3543
      1 3546
      2 3547
      1 3549
      9 3550
      1 3551
      1 3552
      2 3553
      3 3556
      4 3557
      1 3558
      3 3560
      2 3561
      2 3562
      4 3565
      1 3566
      2 3567
     12 3570
      1 3571
      1 3572
      2 3573
      4 3575
      2 3578
      2 3582
      1 3583
      1 3584
      5 3586
      1 3588
      1 3589
      2 3598
      1 3600
      1 3601
      1 3602
      1 3603
      1 3604
      6 3605
      2 3606
      3 3609
      1 3610
      1 3612
      2 3613
      2 3614
      1 3618
      1 3621
      3 3623
      2 3627
      1 3628
      2 3629
      1 3634
      2 3636
      1 3638
      5 3640
      2 3641
      1 3643
      1 3644
      1 3645
      1 3647
      2 3650
      2 3651
      8 3655
      2 3656
      1 3662
      1 3673
      1 3674
      1 3675
      2 3679
      5 3680
      1 3684
      7 3685
      8 3686
      3 3688
      1 3692
      1 3693
      1 3696
      1 3697
      3 3699
      1 3700
      4 3701
      1 3703
      1 3704
      1 3705
      2 3709
      1 3710
      3 3711
      1 3713
      1 3717
      1 3719
      1 3720
      2 3725
      1 3728
      1 3729
      2 3735
      3 3736
      2 3739
      1 3740
      2 3741
     10 3743
      2 3744
      2 3745
      1 3747
      2 3749
      2 3750
      1 3752
      1 3759
      3 3762
      1 3766
      3 3769
      1 3771
      2 3772
      1 3773
      3 3777
      4 3778
      3 3780
      8 3781
      1 3782
      1 3783
      1 3784
      2 3786
     17 3789
      1 3791
      4 3792
      7 3795
      1 3796
      1 3797
      8 3799
      1 3812
      2 3814
      5 3819
      1 3820
      1 3823
     17 3824
      1 3825
      5 3826
      2 3828
      9 3829
      1 3830
      1 3831
      3 3833
      2 3837
      1 3840
      1 3841
      3 3845
      3 3846
      1 3848
      1 3849
      2 3850
      2 3851
      1 3854
      2 3859
      3 3860
      1 3862
      2 3863
      1 3865
      2 3866
      3 3873
      4 3874
      1 3877
      4 3878
      4 3879
      1 3882
      1 3883
      1 3884
      2 3885
      1 3886
      1 3889
     10 3895
     12 3897
      2 3899
      2 3900
     10 3901
     20 3903
      2 3908
      2 3910
      2 3912
      3 3913
      2 3914
      1 3917
      2 3921
      2 3922
      2 3923
      1 3925
      1 3927
      1 3931
      1 3937
      2 3938
      1 3943
      2 3948
      1 3950
      1 3963
      1 3968
      1 3969
      1 3970
      2 3971
      1 3973
      8 3979
      2 3983
      5 3984
      4 3985
      2 3986
      8 3990
      3 3992
      1 3993
      2 3994
      4 3997
      1 3998
      2 4000
      2 4001
      1 4002
      1 4003
      1 4007
      1 4012
      1 4014
      3 4015
      1 4020
      4 4022
      3 4023
      1 4027
      1 4030
      1 4031
      2 4033
      2 4035
      2 4038
      1 4042
      1 4045
      3 4046
      6 4052
     12 4053
      1 4055
      2 4056
      1 4057
      1 4059
      2 4061
      3 4062
      1 4063
      2 4064
      1 4065
      3 4066
      1 4067
      9 4070
      1 4076
      3 4079
      1 4080
      1 4082
      3 4083
      1 4086
      8 4087
      4 4088
      1 4089
      1 4091
      2 4092
      1 4094
      1 4098
      1 4100
      3 4101
      1 4103
      3 4104
      5 4106
      4 4107
      1 4108
      1 4109
      1 4110
      3 4113
      2 4115
      3 4120
      3 4121
      6 4122
      1 4124
      1 4125
      4 4127
      1 4128
      1 4131
      1 4133
      1 4134
      1 4135
      2 4136
      1 4137
      2 4138
      1 4141
      4 4142
      1 4144
      1 4145
      2 4147
      1 4148
      1 4158
      6 4159
      1 4160
      3 4163
      4 4164
      1 4165
      2 4166
      1 4167
      2 4169
      3 4171
      3 4174
      3 4176
      3 4177
      7 4179
      1 4185
      2 4186
      3 4187
      1 4188
      4 4190
      1 4192
      1 4193
      1 4194
      1 4196
      2 4197
      1 4199
      1 4200
      1 4203
      4 4204
      5 4206
      1 4207
      2 4208
      2 4209
      1 4210
      2 4215
      5 4221
      1 4222
      5 4224
      3 4226
      1 4227
      9 4229
      4 4230
      4 4231
      6 4232
      4 4233
      1 4236
      1 4237
      2 4239
      1 4240
      1 4241
      2 4243
      3 4244
      1 4247
      1 4248
      2 4249
      1 4255
      1 4260
      2 4261
      1 4269
      4 4271
      1 4272
      1 4273
      1 4275
      1 4276
      2 4285
      1 4286
      2 4288
      1 4289
      1 4290
      4 4293
      1 4295
      2 4298
      1 4299
      1 4301
      3 4303
      8 4306
      1 4307
      1 4309
      1 4310
      1 4314
      1 4316
      4 4318
      1 4320
     12 4321
      1 4327
      1 4328
      2 4336
      1 4337
      1 4339
      2 4342
      3 4344
      1 4346
      1 4351
      1 4352
      1 4353
      1 4354
      6 4357
      4 4358
      1 4359
      9 4360
      1 4362
      5 4363
      1 4364
      2 4365
      1 4371
      1 4374
      5 4376
      1 4378
      4 4379
      2 4381
      1 4382
      1 4383
      8 4384
      2 4385
      5 4387
      1 4388
      1 4391
      3 4393
      9 4398
      1 4400
      1 4402
      3 4403
      3 4407
      3 4408
      2 4409
      1 4412
      1 4415
      1 4418
      2 4421
      2 4423
      4 4426
     12 4428
      2 4430
      1 4431
      1 4433
      1 4436
      1 4438
      3 4439
      1 4440
      2 4441
      1 4442
      2 4443
      2 4445
      2 4446
      2 4447
      1 4448
      3 4450
      6 4451
      1 4455
      6 4456
      2 4457
      4 4458
      3 4459
      3 4460
      1 4465
      3 4467
      1 4470
      1 4475
      2 4476
      1 4478
      2 4482
      8 4485
      1 4488
      1 4491
      1 4493
      4 4496
      3 4498
      5 4502
      6 4503
      1 4508
      6 4509
      5 4510
      2 4511
      9 4514
      2 4520
      1 4527
      1 4529
      2 4531
      1 4532
      6 4533
      1 4534
      3 4535
      3 4536
      3 4538
      1 4539
      2 4541
      2 4546
      1 4547
      1 4548
      5 4549
      1 4553
      8 4554
      3 4558
      1 4560
      2 4565
      8 4578
      1 4579
      4 4580
      2 4584
      4 4585
      1 4586
      5 4587
      2 4588
      1 4593
      2 4595
      3 4597
      3 4598
      2 4599
     12 4600
      2 4601
      3 4602
      5 4603
      1 4604
      7 4605
      2 4606
      1 4607
      7 4610
      2 4614
      7 4615
      9 4616
      1 4620
      4 4622
      1 4623
      2 4624
      1 4627
      2 4628
      3 4633
      3 4637
      3 4639
      2 4642
      1 4646
      1 4652
      3 4654
      3 4656
      4 4657
      1 4660
      8 4664
      1 4673
      1 4676
      1 4677
      1 4680
      1 4681
      1 4682
      1 4683
      2 4685
      1 4686
      2 4688
      3 4689
      1 4691
      1 4693
      4 4696
      1 4701
      1 4702
      2 4705
      3 4706
      2 4707
      1 4709
      1 4710
      4 4711
      2 4712
      3 4714
      2 4717
      1 4718
      3 4719
      2 4720
      1 4722
      1 4724
      1 4725
      4 4726
      1 4727
      2 4728
      1 4729
      8 4730
      1 4733
      1 4736
      1 4738
      1 4740
      6 4741
      3 4744
      2 4746
      4 4748
      1 4752
      1 4753
      2 4754
      4 4756
      5 4759
      3 4760
      1 4761
      6 4763
      4 4764
      4 4765
      1 4768
      5 4769
      1 4770
     16 4771
      7 4772
      1 4773
      1 4774
      2 4775
      1 4776
      6 4777
      4 4780
     14 4782
      3 4784
      2 4785
      4 4786
      3 4787
      6 4788
     12 4789
      5 4790
      8 4791
      6 4793
     13 4795
      1 4797
      1 4800
      1 4801
      3 4802
      2 4803
      2 4804
      1 4807
      7 4808
      3 4809
      6 4812
      1 4813
      1 4816
      2 4818
      2 4820
      2 4821
      2 4822
      1 4825
      1 4826
      1 4827
      2 4829
      4 4830
      1 4831
      1 4832
      1 4834
      1 4837
      1 4839
      1 4842
      2 4844
      1 4846
      9 4848
      1 4849
      2 4850
      1 4851
      2 4852
      1 4853
      2 4855
      1 4856
      2 4857
      4 4858
      1 4860
      1 4862
      1 4863
      2 4864
      3 4869
      1 4871
      1 4876
      1 4879
      2 4880
      1 4885
      2 4889
      2 4890
      1 4895
      1 4896
      1 4899
      1 4901
      2 4903
      1 4904
      2 4909
      1 4910
      4 4912
      1 4916
      2 4918
      4 4930
      4 4935
      1 4937
      1 4941
      1 4943
      4 4945
      1 4946
      2 4947
      1 4948
      1 4953
      2 4954
      1 4957
      1 4960
      1 4962
      1 4967
      7 4970
      2 4971
      3 4972
      1 4975
      1 4976
      1 4977
      3 4978
      2 4979
      4 4980
      9 4982
      2 4983
      2 4984
      2 4988
      2 4989
      2 4993
      4 4994
      1 4998
      1 5000
      1 5008
      2 5009
      3 5010
      5 5011
      4 5012
      1 5014
      3 5016
      1 5017
      1 5018
      3 5019
      1 5020
      1 5023
      1 5024
      1 5026
      5 5027
      3 5028
      1 5029
      2 5031
      1 5032
      1 5036
      2 5038
     10 5039
      5 5040
      5 5041
     11 5042
      1 5043
      2 5044
      2 5045
      1 5047
      1 5050
      2 5051
      2 5054
      1 5056
      1 5057
      6 5058
      1 5060
      2 5061
      7 5062
      3 5063
      2 5065
      2 5066
      1 5070
      2 5073
      1 5074
      1 5077
      1 5081
      1 5083
      1 5087
      4 5088
      3 5089
      1 5092
      1 5093
      3 5095
      3 5097
      1 5099
      2 5100
      1 5101
      1 5102
      2 5104
      1 5107
     12 5108
      4 5109
      3 5110
      1 5114
      1 5116
      1 5118
      2 5119
      3 5126
      1 5127
      1 5133
      3 5134
      2 5138
      1 5140
      1 5142
      1 5143
      1 5145
      1 5146
     12 5147
      2 5148
      8 5151
      2 5153
      1 5154
      4 5155
      2 5156
      1 5159
      1 5161
      1 5162
      1 5163
      2 5165
      7 5166
      1 5167
      1 5169
     18 5171
      1 5172
      2 5173
      2 5174
      1 5181
     11 5182
      5 5184
      1 5186
      1 5189
      4 5191
      1 5194
      2 5209
      1 5210
      6 5212
      9 5214
      1 5215
      1 5217
      8 5218
      3 5221
      2 5222
      1 5224
      2 5230
      1 5231
      4 5233
      1 5234
      2 5236
      1 5238
      1 5239
      1 5241
      1 5248
      2 5250
      6 5251
      1 5252
      1 5254
      1 5256
      4 5262
      5 5266
      1 5269
      2 5271
      1 5272
      2 5276
      1 5283
      1 5287
      1 5291
      1 5292
      1 5294
      5 5296
      1 5297
      6 5298
      1 5301
      2 5303
      1 5304
      1 5305
      2 5306
      2 5310
      1 5311
     10 5315
      1 5318
      4 5319
      5 5320
      3 5321
      3 5322
      1 5323
      2 5324
      1 5326
      4 5331
     11 5333
      1 5335
      1 5336
      1 5338
      1 5341
      1 5351
      1 5353
      1 5354
      1 5355
      2 5357
      3 5365
      1 5368
      3 5373
      1 5374
      1 5376
      1 5377
      3 5378
      1 5381
      2 5382
      1 5384
      2 5388
      1 5390
      2 5394
      2 5395
      3 5396
      6 5397
      1 5398
      1 5399
      8 5405
      1 5410
      1 5412
      4 5416
      1 5418
      1 5421
      1 5423
      1 5425
      1 5427
      2 5429
      1 5430
      1 5432
      1 5439
      1 5440
      1 5441
      2 5442
      1 5443
      1 5445
      4 5450
      8 5451
      3 5452
     19 5453
     11 5454
      3 5456
      1 5457
      1 5460
      1 5461
      1 5464
      1 5466
      7 5467
      1 5469
      1 5471
      3 5472
      1 5476
      2 5478
      2 5479
      1 5480
      2 5481
      9 5482
      3 5484
      1 5485
      1 5488
      3 5490
      1 5492
      1 5494
      1 5496
     10 5498
      2 5500
      4 5501
      3 5503
      4 5504
      1 5505
      2 5508
      1 5510
      4 5511
      3 5515
      2 5516
      2 5517
      3 5519
      4 5521
      3 5522
      2 5523
      8 5524
      1 5529
     10 5530
      2 5531
      3 5532
      2 5537
      1 5538
      3 5539
      1 5540
      3 5541
      1 5544
      2 5545
      2 5551
      4 5554
      1 5556
      3 5561
      1 5563
      1 5565
      6 5568
      2 5569
      1 5570
      1 5572
      3 5573
      1 5574
      1 5578
      1 5582
      1 5585
      1 5589
      2 5590
      2 5591
      2 5592
      1 5593
      1 5594
      3 5595
      2 5598
      3 5600
      1 5602
      2 5603
      3 5605
      1 5606
      1 5608
      5 5610
      1 5613
      1 5614
      3 5615
      2 5617
      8 5618
      4 5619
      1 5620
      1 5621
      1 5623
      1 5625
      2 5626
      1 5628
      1 5631
      3 5637
      1 5638
      2 5645
      2 5648
      2 5649
      1 5650
      1 5651
      1 5652
      2 5662
      1 5664
      1 5669
     15 5671
      1 5673
      1 5674
      1 5675
      1 5676
      1 5678
      1 5680
      1 5683
      2 5687
      1 5689
      1 5695
      2 5696
      2 5697
      3 5698
      1 5699
      1 5702
      5 5703
      1 5704
      2 5705
      1 5706
      2 5710
      1 5712
      1 5713
      3 5714
      3 5715
      3 5716
      1 5719
      1 5720
      6 5721
     10 5722
      3 5723
      1 5724
      1 5725
      2 5726
      1 5728
      1 5730
      1 5731
      4 5733
      1 5738
      2 5740
      5 5741
      3 5742
      2 5745
      1 5746
      3 5747
      2 5752
      5 5754
      1 5755
      2 5759
      1 5760
      1 5764
      1 5768
      1 5770
      5 5771
      1 5773
      1 5775
      2 5777
      2 5778
      1 5780
      7 5789
      1 5790
      1 5794
      1 5795
      3 5797
      3 5799
      6 5800
      5 5803
      1 5804
      3 5805
      1 5807
      2 5808
      1 5809
      2 5812
      1 5813
      1 5814
      1 5815
      4 5816
      9 5817
      1 5818
      4 5820
      1 5821
      1 5823
      1 5825
      2 5828
      2 5830
      3 5832
      1 5840
      4 5842
      6 5848
      1 5849
      1 5851
      1 5854
      1 5855
      1 5859
      1 5860
      1 5863
      1 5864
      8 5865
      2 5868
      1 5869
      7 5871
      1 5873
      4 5877
      3 5880
      1 5882
      3 5883
      1 5884
      3 5890
      1 5893
      1 5897
      2 5899
      8 5902
      3 5903
      2 5906
      3 5907
      3 5908
      1 5909
      5 5910
      3 5911
      4 5913
      3 5914
      1 5917
      1 5919
      5 5925
      3 5926
      2 5928
      3 5929
      4 5930
      3 5931
      1 5933
      1 5934
      1 5936
      1 5938
     12 5940
      7 5941
      4 5942
      3 5944
      1 5945
      4 5947
      1 5949
      2 5951
      1 5953
      6 5954
      1 5956
      1 5958
      1 5959
      1 5964
      1 5965
      2 5966
      3 5969
      2 5972
      1 5974
      1 5975
      7 5976
      1 5978
      1 5982
      1 5983
      1 5984
      1 5986
     10 5988
      5 5989
      2 5990
      3 5992
      2 5993
      2 5995
      1 5998
      2 5999
      3 6001
      1 6002
      4 6006
      2 6007
      1 6008
      3 6009
      3 6010
      5 6012
      1 6014
      5 6015
      3 6016
      4 6017
      2 6018
      1 6027
      1 6030
      1 6032
      1 6034
      1 6035
      1 6036
      8 6038
      5 6041
      5 6042
      1 6044
      3 6047
      4 6048
      1 6050
      1 6056
      1 6057
      2 6059
      1 6062
      2 6064
      3 6071
      3 6072
      2 6073
     15 6074
      7 6075
      4 6077
      1 6079
      1 6080
      3 6081
      3 6082
      2 6085
      2 6086
      1 6088
      2 6089
      3 6091
      1 6095
      1 6100
      1 6106
      1 6108
      1 6109
      3 6110
      1 6114
      7 6120
      1 6121
      2 6122
      1 6123
      2 6125
      1 6127
      1 6133
      1 6134
      1 6135
      4 6137
      1 6138
      1 6139
      1 6140
      1 6142
      1 6144
      4 6145
      4 6146
      1 6148
      5 6149
      6 6150
      4 6151
      1 6152
      5 6153
      4 6154
      2 6155
      2 6156
      1 6157
      1 6158
      1 6160
      1 6161
      2 6163
      2 6164
      3 6165
      4 6166
      1 6167
      1 6168
      2 6173
      3 6174
      1 6176
      2 6177
      1 6178
      1 6180
      5 6183
      4 6185
      2 6188
      2 6190
      2 6193
      1 6195
      2 6197
      8 6198
      5 6199
      1 6201
      1 6210
      3 6211
      1 6213
      4 6215
      1 6216
      2 6217
      3 6218
      2 6219
      6 6220
      2 6221
      2 6222
      1 6223
      8 6224
      8 6225
      1 6226
      1 6228
      3 6229
      1 6233
      3 6237
      6 6238
      1 6241
      2 6244
      2 6247
      2 6248
      2 6249
      2 6252
      2 6254
      2 6255
     13 6262
      2 6264
      1 6265
      8 6266
      1 6267
      5 6268
      4 6287
      3 6288
      2 6295
      2 6296
      1 6300
      1 6302
      3 6308
      2 6309
      4 6312
      2 6314
      4 6319
      4 6322
      1 6323
      1 6324
      1 6325
      1 6327
      1 6333
      3 6335
      2 6339
     15 6340
      4 6341
      1 6344
      1 6350
      7 6351
      2 6355
      1 6360
      1 6363
      5 6365
      1 6366
      1 6367
      2 6368
      1 6369
      1 6371
      3 6372
      1 6373
      3 6374
      4 6376
      5 6377
      4 6379
      4 6380
      1 6381
      1 6382
      2 6383
      3 6384
      2 6389
      2 6393
      1 6397
      2 6400
      2 6405
     26 6406
      1 6407
      3 6409
      1 6411
      1 6412
      7 6414
      3 6415
      9 6418
      2 6419
      5 6420
      5 6421
      1 6425
      1 6427
      4 6428
      3 6430
      6 6431
      1 6433
      4 6434
      1 6435
      1 6437
      5 6439
      2 6442
      3 6443
      5 6444
      3 6446
      4 6447
      4 6448
      1 6449
      2 6455
      3 6456
      1 6457
      2 6459
      2 6460
      2 6461
      2 6462
      2 6463
      1 6464
      1 6465
      6 6466
     28 6468
      4 6469
      1 6470
      7 6471
      1 6472
      1 6474
      1 6477
      3 6480
      2 6481
      1 6482
      1 6485
      2 6490
      1 6492
      3 6493
      8 6496
      2 6497
      3 6498
      5 6499
      2 6501
      3 6502
      3 6503
      4 6507
      3 6511
      8 6512
      7 6513
      2 6514
      1 6516
      2 6517
      3 6522
     14 6526
      9 6528
      2 6529
      1 6531
      1 6533
      1 6534
      1 6538
      2 6539
      1 6542
      4 6543
      5 6544
      1 6546
      1 6552
      1 6553
      1 6558
      2 6560
      1 6561
      1 6562
      1 6565
      1 6567
      1 6569
      1 6574
      1 6579
      1 6580
      1 6581
      1 6582
     18 6583
      1 6585
      1 6586
      4 6589
      3 6591
      4 6592
      1 6597
      1 6599
     20 6602
      1 6603
      3 6605
      1 6606
      1 6607
      2 6609
      1 6612
      2 6613
      1 6615
      1 6616
      1 6617
      1 6618
      1 6619
      6 6621
      1 6623
      3 6630
      2 6632
      2 6634
      3 6635
      3 6636
      5 6637
      3 6639
      1 6642
      3 6643
      2 6644
      1 6645
      2 6646
      4 6648
      1 6649
      3 6652
      3 6653
      1 6654
      2 6655
      1 6662
      1 6666
      1 6667
      1 6672
      2 6675
      1 6676
      1 6677
      5 6678
      1 6680
      2 6681
      3 6682
      1 6685
      1 6690
      1 6691
      3 6692
      1 6696
      2 6701
      2 6705
      1 6706
      1 6707
      1 6708
      1 6709
      3 6711
      3 6712
     15 6714
      1 6717
      1 6720
      4 6722
      3 6725
      1 6726
      6 6729
      5 6731
      1 6732
      4 6735
      2 6736
      2 6737
      9 6738
      1 6739
     12 6743
      3 6745
      3 6747
      1 6749
      1 6750
      1 6752
      1 6758
      1 6759
      1 6761
      1 6765
      5 6766
      2 6767
      1 6768
      8 6769
      3 6773
      2 6776
      1 6784
      6 6785
      1 6786
      7 6787
      1 6788
      1 6789
      1 6792
      1 6798
      2 6801
      1 6802
      7 6805
      1 6806
      3 6808
      1 6809
      2 6812
      2 6813
      3 6814
      1 6815
      1 6816
      1 6824
      1 6834
      1 6842
      3 6844
      4 6846
      1 6854
     15 6855
      2 6856
      1 6857
      1 6859
      4 6861
      1 6862
      1 6864
      1 6865
      2 6866
      2 6867
      4 6868
      1 6869
      3 6872
      3 6873
      1 6875
      1 6877
      1 6879
      2 6880
      4 6882
      3 6883
      8 6884
      7 6885
     11 6886
      8 6887
      5 6888
      4 6889
      1 6891
     10 6893
     19 6894
      2 6896
      1 6898
      6 6899
      2 6901
      2 6902
      2 6903
      4 6904
      1 6906
      1 6907
      2 6909
      1 6910
      8 6911
      6 6912
      1 6914
      3 6915
     11 6916
      1 6917
      1 6918
      2 6920
      1 6921
      1 6925
      1 6926
      6 6929
      1 6933
      2 6939
      2 6943
      2 6944
      4 6947
      4 6950
      3 6951
      2 6952
      2 6957
      1 6958
      1 6959
      1 6960
      1 6961
      1 6963
      3 6964
      7 6967
      1 6968
      1 6969
      3 6970
      1 6972
      1 6973
      1 6974
      1 6976
      1 6979
      1 6981
      1 6982
      2 6984
      1 6985
      5 6986
      6 6988
      3 6989
      1 6993
      1 6999
      6 7004
      2 7011
      6 7019
      2 7020
      1 7023
      5 7024
      1 7025
      1 7026
      2 7027
      1 7029
      1 7030
      8 7031
      8 7032
      6 7033
      2 7035
      1 7038
      1 7039
      2 7040
      3 7044
      3 7046
      3 7050
      2 7052
      2 7054
      9 7055
      1 7056
      5 7057
      1 7058
      3 7060
      1 7061
      2 7062
      4 7064
      2 7066
      4 7067
      1 7069
      1 7070
      2 7071
      2 7073
      7 7074
      3 7076
      1 7079
      2 7080
      1 7084
      2 7085
      1 7088
      1 7089
      2 7090
      1 7093
      4 7094
      2 7096
      1 7098
      2 7102
      2 7103
      3 7104
      4 7105
      1 7108
     10 7109
      1 7111
      3 7112
      5 7114
      6 7117
      1 7121
      1 7127
      5 7128
      4 7129
      5 7131
      1 7132
      5 7133
      1 7136
      2 7140
      3 7146
      2 7147
      1 7148
      3 7153
      3 7155
      1 7156
      3 7157
      1 7160
      1 7161
      1 7162
      1 7163
      2 7164
      1 7166
      1 7171
      2 7175
      4 7178
      2 7179
      1 7180
      2 7181
      1 7182
      1 7184
      1 7186
      2 7190
      2 7191
      4 7195
      2 7198
      3 7199
      3 7205
      2 7206
      3 7208
      1 7210
      1 7211
      1 7214
      2 7216
      5 7217
      1 7218
      1 7219
      1 7225
      2 7226
      2 7227
      3 7228
      1 7229
      1 7232
      9 7235
      1 7237
      6 7239
      9 7240
      2 7243
      2 7244
      5 7253
      6 7254
      1 7255
      4 7256
      1 7257
      1 7258
      1 7259
      2 7260
      1 7261
     15 7262
      8 7263
      9 7265
      1 7266
      1 7270
      1 7271
      1 7273
      3 7275
      3 7276
      3 7278
      3 7279
      4 7280
      1 7281
      2 7285
      5 7286
      3 7287
      2 7291
      1 7292
      1 7294
      3 7295
      8 7299
      2 7300
      1 7301
      2 7303
      1 7304
      1 7305
      2 7307
      3 7308
      1 7309
      2 7311
      2 7318
      1 7321
      1 7324
      7 7335
      3 7337
      1 7338
      1 7340
      1 7342
      2 7345
      1 7346
      4 7347
      3 7348
      1 7349
      7 7353
      1 7354
      1 7355
      1 7356
      1 7358
      3 7361
      1 7363
      1 7365
      1 7366
      1 7367
     15 7369
      1 7370
      8 7371
      1 7374
      1 7379
      1 7381
      1 7382
      2 7385
      2 7387
      4 7388
      4 7390
      1 7392
      2 7393
      1 7396
      5 7399
      1 7402
      1 7403
      1 7405
      2 7407
      4 7408
      2 7409
      4 7413
      2 7414
      1 7415
      4 7416
      7 7420
      5 7421
      2 7422
      1 7426
      1 7428
      2 7430
      3 7432
      6 7435
      4 7436
      1 7438
      1 7439
     17 7445
      4 7446
      1 7447
      1 7448
      1 7452
     10 7458
      1 7459
     10 7460
      2 7461
      4 7462
      4 7465
      5 7466
      8 7467
      4 7468
      3 7470
      1 7471
      3 7474
      1 7475
      1 7476
      1 7477
      2 7478
      1 7481
      2 7484
      1 7485
      1 7487
      5 7488
      3 7489
      1 7490
      1 7491
      2 7495
      2 7499
      1 7504
      3 7508
      3 7509
      1 7510
      2 7512
      1 7513
      3 7515
      2 7518
      3 7520
      9 7524
      5 7528
      1 7530
      1 7534
      3 7535
      2 7536
      1 7537
      6 7538
      1 7540
      1 7543
      3 7546
      1 7549
      1 7551
      1 7552
      3 7553
      2 7556
      2 7557
      2 7560
      3 7562
      3 7563
      3 7564
      1 7565
      1 7566
      1 7567
     10 7568
      2 7571
      3 7572
      6 7573
      1 7574
      2 7577
      1 7578
      4 7581
      5 7583
      3 7584
      6 7585
      1 7586
      3 7588
      6 7589
      1 7594
      1 7597
      3 7600
      1 7602
      3 7603
      2 7606
      1 7607
      1 7613
      3 7614
     15 7616
      3 7617
      2 7618
      3 7619
      3 7620
      4 7621
      4 7622
      2 7623
      1 7624
      1 7625
      1 7626
      1 7628
      1 7634
      1 7635
     27 7637
      3 7638
      1 7640
      1 7641
      2 7642
      4 7643
      2 7644
      4 7645
      7 7646
      1 7647
      1 7651
      3 7654
      2 7656
      1 7657
      1 7661
      1 7662
      1 7663
      2 7664
      3 7666
      1 7668
      7 7670
      4 7672
      1 7675
      5 7676
      1 7678
      5 7679
      2 7680
      1 7681
      4 7682
      4 7683
      1 7684
      1 7685
      5 7686
      5 7688
      1 7692
      1 7696
      1 7698
      2 7701
      7 7703
      5 7705
      1 7708
      1 7710
      8 7714
      1 7717
      2 7720
      1 7722
      3 7724
      4 7725
      1 7729
      2 7731
      1 7732
      2 7733
      1 7734
      3 7736
      2 7737
      2 7738
      2 7739
      1 7740
      1 7741
      3 7744
      3 7745
      1 7747
      1 7749
      2 7750
      5 7751
      2 7753
      4 7754
      1 7756
     13 7757
      3 7758
      2 7760
      1 7763
      2 7767
      4 7768
      8 7769
      3 7772
      1 7773
      3 7776
      3 7777
      3 7778
      1 7780
      3 7781
      1 7782
      2 7783
      1 7784
      1 7786
      2 7788
      1 7791
      2 7792
      2 7796
      1 7797
      1 7798
      1 7799
      2 7802
      1 7803
      1 7805
      3 7806
      2 7807
      1 7808
      5 7809
      2 7810
      2 7817
      4 7824
      1 7825
      1 7827
      1 7829
      1 7830
      3 7832
      3 7833
      2 7834
      1 7837
      1 7838
      2 7839
      3 7841
      3 7844
      2 7845
      2 7846
      1 7847
      1 7849
      1 7850
      1 7852
      1 7855
      3 7857
      1 7858
      3 7860
      2 7861
      4 7862
      2 7863
      2 7864
      4 7867
      3 7870
      1 7871
      1 7873
      4 7878
      5 7879
      1 7884
      1 7885
      1 7886
      1 7888
      1 7891
      3 7893
      4 7897
      2 7898
      1 7900
      2 7902
      1 7903
      1 7904
      4 7906
      3 7907
      1 7908
      1 7911
      5 7912
      2 7914
      2 7915
      3 7916
      3 7918
      2 7921
      2 7922
      1 7927
      2 7930
      2 7932
      2 7934
      1 7936
      2 7937
      3 7938
      1 7939
      2 7942
      7 7946
      9 7948
      4 7950
     10 7953
      6 7954
      3 7955
      2 7956
      9 7957
     12 7958
      1 7961
      1 7962
      1 7963
     11 7965
      2 7966
      5 7967
      1 7969
      2 7971
      4 7972
     11 7974
      2 7976
      1 7977
      1 7984
      1 7985
      1 7988
      1 7990
      1 7996
      1 7997
      1 7998
      3 8000
      1 8003
      1 8004
      1 8005
      1 8006
      1 8007
      1 8008
      1 8010
      1 8011
      2 8012
      4 8013
      2 8015
      6 8017
      1 8018
      3 8019
      1 8023
      2 8025
      1 8026
      3 8028
      4 8029
      1 8030
      1 8031
      2 8032
      4 8033
      6 8034
      1 8038
      1 8039
      1 8041
      2 8042
      1 8044
      3 8046
      2 8048
      6 8054
      2 8055
      1 8056
      2 8057
      1 8058
      2 8059
      4 8061
      8 8063
      3 8064
      1 8065
      1 8066
      2 8067
      1 8068
      5 8069
      3 8070
     10 8071
     14 8072
     13 8073
      1 8074
      2 8075
      2 8077
      1 8079
      3 8081
      1 8085
      1 8086
      1 8087
      3 8091
      1 8097
      1 8100
      1 8104
      1 8106
      4 8107
      2 8109
      6 8110
      1 8113
      3 8114
      2 8115
     10 8116
      1 8117
      1 8119
      1 8120
      2 8122
      2 8124
      2 8126
      1 8129
      2 8131
      1 8133
      1 8134
      1 8146
      1 8151
      1 8153
      2 8155
      7 8158
      3 8159
     11 8160
      3 8161
      1 8164
      1 8165
      1 8167
      1 8168
      2 8169
      1 8175
      1 8176
      3 8178
      4 8179
      1 8180
      2 8187
      3 8193
      1 8195
      3 8196
      1 8199
      1 8201
      1 8202
      4 8203
      1 8204
      4 8205
      1 8207
      1 8208
      3 8209
      1 8210
      3 8211
      1 8212
      2 8213
      1 8215
      1 8216
      1 8217
      1 8218
      1 8219
      1 8220
      1 8221
      1 8222
      1 8223
      1 8224
      5 8231
      2 8233
      1 8235
      1 8236
      1 8237
      1 8245
      2 8255
      4 8256
      8 8258
      1 8259
      2 8260
      2 8261
      1 8262
      2 8263
      2 8264
      2 8265
      2 8266
      2 8267
      1 8278
      1 8280
      2 8295
      2 8301
      3 8302
      2 8305
      2 8306
      1 8308
      1 8309
      2 8313
      1 8314
      1 8317
      5 8319
      4 8321
      7 8325
      3 8326
      2 8331
      1 8342
      4 8343
      1 8345
      3 8356
      2 8361
      1 8362
      2 8363
      3 8365
      1 8367
      1 8369
      3 8370
      1 8373
      3 8374
      1 8375
      5 8377
      1 8378
      6 8379
      2 8385
      1 8386
      2 8387
      4 8394
      2 8395
      2 8396
      1 8397
      5 8399
      3 8402
      3 8405
      2 8407
      1 8408
      1 8409
      3 8410
      2 8412
      6 8413
      6 8414
      2 8415
      1 8417
      2 8418
      2 8420
      1 8421
      1 8422
      1 8425
     13 8427
      3 8428
      1 8430
      1 8432
      1 8433
      4 8435
      2 8437
      1 8438
      1 8439
      2 8442
      1 8444
     10 8445
      4 8446
      1 8448
      2 8453
      1 8456
      1 8457
      4 8458
      1 8461
      1 8463
      1 8466
      2 8471
      1 8472
      1 8473
      1 8474
      1 8475
      1 8481
      1 8483
      4 8484
     12 8485
      1 8486
      8 8487
     13 8488
     10 8491
      2 8495
      3 8499
      2 8500
      7 8502
      1 8504
      4 8508
      1 8509
      3 8510
      2 8511
      1 8513
      2 8515
     15 8516
      1 8517
      2 8518
      3 8519
      1 8521
      1 8522
      1 8523
      2 8525
      1 8526
      1 8528
      1 8529
      1 8530
      3 8531
      2 8532
      2 8535
      2 8538
      2 8545
      8 8549
      1 8550
      5 8554
      9 8556
      1 8558
      3 8559
      6 8561
     10 8564
      2 8566
      1 8567
      6 8568
      1 8569
      1 8571
      3 8573
      2 8574
      2 8577
      1 8580
      1 8583
      1 8585
      1 8586
      1 8588
      1 8589
      2 8591
      3 8595
      1 8598
      1 8599
      2 8600
      4 8601
      1 8604
      6 8605
      2 8606
      1 8607
      3 8608
      1 8614
      1 8616
      1 8617
      2 8618
      1 8620
      1 8623
      1 8625
      7 8626
      1 8628
      2 8637
      1 8638
      5 8639
      1 8640
      1 8641
      5 8642
      1 8644
      1 8646
      1 8647
      2 8648
      1 8649
      1 8651
      1 8653
      1 8654
      5 8658
      1 8660
     10 8661
      1 8663
      2 8664
      1 8665
      4 8666
      1 8667
      1 8671
      1 8674
      1 8678
      1 8682
      2 8684
      2 8685
      1 8688
      3 8689
      1 8690
      7 8693
      1 8694
      3 8695
      9 8696
      3 8697
      1 8698
      1 8700
      2 8703
      6 8704
      3 8705
      1 8707
      1 8708
      8 8709
      7 8717
      2 8718
      1 8719
      4 8721
      1 8722
      2 8723
      1 8725
      1 8731
      6 8737
      1 8740
      8 8741
      1 8742
      1 8743
      2 8745
      3 8748
      1 8752
      1 8753
      1 8754
      3 8756
      1 8757
      1 8762
      3 8766
      5 8768
      3 8769
      1 8771
      1 8772
      4 8776
      1 8777
      5 8778
      2 8779
      7 8782
      1 8784
      1 8786
      2 8787
      2 8791
      1 8792
      2 8794
      2 8796
      1 8799
      1 8800
      1 8802
      1 8803
      6 8804
      5 8805
      2 8806
      1 8809
      2 8812
      2 8813
      2 8814
      1 8815
      1 8817
      3 8829
      1 8833
      1 8838
      1 8839
      7 8840
      1 8841
      1 8843
     11 8844
     11 8845
      4 8847
      9 8848
      2 8850
      2 8851
      1 8852
      1 8853
      1 8856
      8 8860
      1 8861
      2 8862
      1 8866
      2 8867
      5 8868
      3 8869
      1 8870
      1 8871
      1 8872
      1 8873
      7 8874
      1 8876
      2 8878
      1 8879
      1 8880
      6 8881
      1 8882
      4 8889
      1 8890
      4 8893
      1 8904
      2 8908
      2 8909
      3 8913
      5 8914
      4 8916
      2 8917
      6 8921
      2 8923
      2 8924
      1 8925
      1 8926
      5 8927
      1 8931
      1 8932
      2 8934
      1 8939
      2 8940
      1 8941
      7 8942
      7 8943
      2 8948
      5 8949
      1 8950
      1 8951
      1 8955
      7 8956
      7 8958
      1 8960
      1 8961
      1 8962
      2 8964
      2 8965
      3 8966
      1 8969
      2 8973
      1 8977
      5 8979
      2 8980
      1 8982
      3 8984
      5 8987
      6 8988
     28 8989
      7 8990
      7 8991
     12 8992
      8 8993
      8 8994
      2 8996
      7 8998
      7 8999
      7 9000
      7 9001
      1 9002
      7 9003
      2 9004
      1 9006
      7 9007
      3 9008
      3 9009
      2 9010
      2 9011
      4 9012
      7 9013
      2 9015
      3 9017
      1 9019
      1 9020
      4 9026
      1 9027
      1 9028
      2 9029
      3 9030
      1 9032
      8 9033
      1 9037
      2 9038
      1 9040
      1 9041
      4 9042
      1 9044
      1 9051
      1 9053
      1 9057
      2 9058
      2 9062
      2 9065
      2 9068
      6 9070
      2 9071
      1 9077
      1 9080
      5 9081
      1 9087
      1 9093
      1 9094
      2 9095
      1 9104
      1 9106
      1 9107
      1 9109
      2 9110
      1 9113
      1 9115
      1 9118
      2 9120
      6 9121
      2 9123
      2 9124
      2 9129
      5 9133
      1 9134
      1 9135
      2 9136
      1 9137
      3 9139
      1 9142
      2 9146
      1 9148
     28 9150
      3 9151
      1 9152
      3 9156
      2 9163
      8 9165
      4 9166
      2 9168
      1 9171
      3 9172
      3 9176
      1 9177
      3 9178
      1 9179
      7 9181
      1 9183
      6 9184
      1 9186
      1 9188
      1 9190
      1 9192
      3 9193
      2 9196
      1 9197
      4 9200
      6 9201
      1 9202
      3 9203
      3 9205
      1 9207
      3 9216
      7 9222
      2 9224
      1 9226
      2 9227
      2 9228
      1 9229
      1 9230
      2 9231
      2 9232
      3 9233
      1 9234
      2 9235
      1 9241
      8 9244
      4 9250
      4 9251
      2 9256
      2 9257
      1 9259
      1 9262
      1 9271
      3 9272
      2 9274
      2 9275
      1 9277
      3 9279
      1 9280
      1 9283
      3 9285
      2 9286
      1 9287
      1 9288
      1 9289
      3 9290
      2 9291
      2 9294
      2 9295
      1 9296
      1 9300
      6 9303
      6 9304
      2 9305
      5 9307
      1 9308
      1 9309
      2 9312
      1 9314
      1 9315
      2 9317
      2 9320
      1 9322
      1 9325
      1 9327
      1 9333
      2 9335
      2 9336
      1 9341
      1 9342
      1 9345
      3 9346
      1 9348
      3 9353
      1 9354
      6 9356
      1 9358
      3 9359
      2 9361
      1 9363
      2 9367
      1 9374
      2 9375
      1 9376
      2 9378
      4 9379
      1 9381
      5 9383
      1 9384
      4 9387
      2 9388
      2 9390
      1 9391
      1 9392
      1 9393
      2 9394
      5 9395
      2 9396
      1 9399
      5 9400
      1 9402
      2 9407
      2 9410
      1 9413
      1 9414
      1 9415
     10 9420
      5 9421
      1 9422
      4 9423
      1 9425
      2 9426
      1 9427
      8 9428
      1 9430
      2 9431
      1 9432
      2 9433
      1 9435
      2 9437
     10 9445
      6 9449
      2 9451
      3 9453
      1 9454
      1 9457
      1 9458
      1 9460
      6 9461
      1 9462
      1 9464
      1 9465
      1 9467
      2 9468
      1 9473
      1 9474
      2 9477
      1 9479
      3 9485
      4 9488
      1 9490
      1 9491
      1 9493
      1 9497
      3 9498
      1 9500
      1 9501
      1 9503
      2 9505
      1 9506
      2 9507
      1 9508
      2 9512
      1 9513
      4 9514
      2 9517
      2 9519
      1 9522
      1 9523
      2 9524
      2 9529
      1 9530
      2 9533
      2 9534
      2 9535
      1 9536
      3 9538
      8 9539
      1 9540
      2 9541
      7 9545
      6 9546
      2 9547
      1 9548
      6 9550
      1 9551
      1 9553
      1 9554
      1 9555
      1 9565
      3 9569
      1 9571
      4 9572
      2 9574
      6 9575
      4 9577
      1 9580
      1 9582
      6 9587
      4 9588
      4 9589
      1 9594
     14 9595
      3 9602
      4 9604
     12 9607
      1 9611
      2 9613
      2 9616
      2 9617
      2 9618
      4 9625
      6 9626
      1 9627
      1 9628
      1 9630
      1 9634
      1 9636
      1 9637
      2 9638
      7 9640
      3 9643
      1 9645
      3 9647
      2 9652
      1 9654
     10 9657
     14 9661
      1 9668
      4 9671
      1 9672
      1 9673
      1 9674
      1 9675
      7 9676
      7 9678
      1 9683
      3 9689
      1 9690
      1 9691
      1 9692
      1 9693
      3 9695
      1 9696
      1 9697
      1 9699
      1 9700
      1 9705
      3 9706
      1 9707
      1 9708
      2 9709
      1 9711
      2 9712
      1 9715
      1 9721
      1 9723
      2 9725
      1 9726
      1 9728
      1 9729
      2 9730
      1 9731
      2 9732
      1 9733
      5 9734
      1 9738
      2 9741
      1 9744
      2 9745
      1 9746
      1 9748
      1 9749
      8 9752
      1 9753
      1 9760
      2 9761
      2 9762
      3 9763
      2 9764
      1 9767
      2 9769
      2 9770
      1 9774
      2 9776
      3 9777
      1 9778
      5 9779
      3 9780
      1 9781
      8 9782
      1 9783
      1 9784
      5 9787
      1 9788
      4 9791
      1 9795
      5 9797
      1 9799
      3 9800
      1 9801
      1 9804
      4 9805
      2 9807
      6 9809
      1 9810
      3 9813
      5 9815
      2 9816
      4 9818
      1 9821
      5 9822
      2 9823
      1 9827
      1 9828
      1 9831
      1 9833
      1 9847
      1 9848
      1 9853
      3 9860
      3 9861
      3 9864
      1 9874
      5 9877
      1 9880
      1 9883
      2 9884
      1 9886
      2 9887
      1 9889
      3 9890
      2 9891
      2 9892
      1 9895
      1 9898
      6 9899
      3 9900
      1 9901
      3 9902
      3 9903
      1 9905
      2 9907
      1 9908
      3 9912
      2 9913
      1 9914
      1 9915
      1 9916
      2 9917
      1 9918
      3 9919
      1 9920
      5 9921
      1 9922
      1 9923
      2 9924
      1 9925
      7 9926
      8 9928
      5 9929
      1 9930
      1 9933
      1 9937
      1 9939
      1 9940
      1 9941
      5 9943
      2 9944
      1 9945
      3 9946
      2 9948
      2 9949
      5 9952
      3 9953
      1 9954
      2 9955
      4 9957
      3 9958
     40 9959
      8 9961
      1 9962
     15 9963
      7 9964
     22 9965
      4 9966
      5 9967
     19 9968
      7 9969
     15 9970
      1 9971
     28 9972
      9 9973
      1 9975
      9 9976
      3 9977
     17 9979
      7 9981
      8 9982
      1 9983
      2 9984
      3 9985
      2 9986
      1 9990
      2 9991
      1 9995
      3 9996
      3 9998
      1 10000
      1 10002
      1 10004
      3 10008
      2 10011
      1 10012
      1 10013
      2 10014
      1 10015
      1 10016
      1 10020
      2 10021
      3 10022
      3 10024
      1 10025
      2 10026
      2 10028
      1 10031
      2 10034
      2 10035
      2 10036
      3 10037
      2 10040
      1 10041
      4 10043
      4 10045
      1 10046
      1 10047
      2 10048
      3 10049
      3 10050
      1 10051
      1 10052
      3 10054
      1 10055
      2 10056
      2 10057
      1 10059
     10 10060
      2 10061
      2 10065
      4 10066
      4 10070
      1 10071
      2 10073
     10 10075
      1 10076
      3 10078
      6 10079
      4 10080
      3 10081
      3 10082
      1 10091
      2 10092
      1 10094
      1 10097
      3 10098
      6 10099
      6 10101
      2 10103
      1 10109
      1 10110
      1 10111
      1 10112
      5 10113
      2 10114
      2 10119
      1 10125
      2 10127
     17 10128
      2 10135
      1 10136
      1 10137
      1 10144
      1 10145
      1 10150
      1 10153
      1 10155
      1 10156
      3 10157
      1 10161
      1 10164
      7 10165
      4 10166
      1 10167
      1 10168
      1 10170
      2 10171
      1 10172
      1 10174
      1 10176
      1 10180
      1 10185
      2 10186
      1 10191
      2 10192
      1 10196
      1 10197
      1 10198
      6 10200
      1 10201
     14 10203
      3 10206
      1 10207
      1 10209
      2 10211
      2 10213
      1 10215
      2 10217
      8 10219
      1 10222
      2 10223
      1 10224
      3 10230
      1 10233
      4 10237
      2 10238
      4 10241
      2 10245
      5 10246
      1 10249
      2 10252
      1 10256
      2 10261
      2 10262
      1 10263
     10 10264
      1 10266
      6 10275
      1 10276
      5 10277
     10 10278
      5 10279
      4 10280
      2 10283
      2 10284
      1 10285
      1 10286
      1 10287
      3 10288
      1 10290
      1 10294
      1 10298
      4 10299
      1 10300
      2 10303
      2 10306
      1 10310
      6 10311
      1 10315
      5 10317
      1 10322
      1 10325
      1 10326
      1 10329
      2 10330
      1 10331
      1 10333
      5 10338
      2 10339
      1 10342
      2 10343
      1 10345
      3 10346
      2 10348
      1 10349
      1 10350
      1 10353
      2 10354
      2 10355
      6 10358
      3 10360
      2 10362
      1 10363
      2 10365
      1 10367
      2 10369
      2 10372
      3 10373
      1 10378
      2 10380
      4 10381
      1 10382
      1 10383
      1 10384
      2 10386
      1 10387
      1 10388
      1 10391
      2 10395
      3 10396
      2 10397
     10 10398
     16 10399
      3 10400
      1 10402
      1 10403
      1 10404
      3 10405
      1 10406
      1 10408
      2 10409
      1 10411
      1 10417
      1 10419
      1 10420
      1 10421
      2 10423
      1 10427
      1 10428
      9 10429
      3 10440
      2 10442
      3 10443
      2 10448
      1 10449
      1 10455
      1 10456
      1 10458
      2 10461
      1 10463
      4 10464
      1 10466
      3 10467
      1 10468
      3 10469
      1 10470
      2 10472
      3 10473
      1 10474
      1 10475
      1 10476
      3 10479
      2 10483
      1 10485
      2 10491
      2 10492
      1 10496
      2 10498
      3 10499
      1 10500
      1 10502
      1 10504
      2 10506
      1 10510
      1 10512
      7 10513
      1 10514
      7 10515
      4 10516
      2 10517
      2 10518
      3 10519
      3 10523
      1 10526
      1 10528
      4 10531
      3 10533
      3 10539
      5 10540
      1 10542
      1 10544
      1 10545
      2 10546
      2 10547
      8 10548
      1 10551
      1 10552
      2 10555
      1 10556
      4 10558
      1 10561
      1 10565
      8 10566
      1 10567
      1 10570
      4 10572
      1 10574
      1 10575
      2 10576
      2 10577
      1 10578
      4 10579
      1 10581
      5 10582
     10 10590
      1 10591
      1 10593
      1 10594
      1 10596
      1 10597
      1 10598
      3 10600
      2 10602
      1 10604
      2 10607
      1 10608
      1 10610
      5 10614
      1 10615
      1 10620
      1 10621
      3 10622
      7 10624
      1 10625
      1 10626
      6 10629
      1 10630
      2 10636
      1 10637
      2 10639
      1 10640
      1 10641
      3 10642
      1 10644
      1 10652
      1 10653
      1 10655
      2 10656
      5 10657
      1 10658
      5 10660
      1 10661
      1 10662
      1 10664
      1 10665
      1 10666
      1 10667
      2 10668
      1 10671
      1 10672
      4 10675
      2 10679
      2 10680
      2 10681
      2 10682
      2 10683
      2 10684
      2 10685
      2 10686
      2 10687
      5 10688
      1 10689
      7 10693
      5 10696
      1 10697
      3 10698
      2 10700
      1 10702
      5 10703
      1 10704
      1 10705
      1 10706
      6 10707
      1 10712
      1 10713
      1 10714
      3 10715
      3 10718
      3 10721
      1 10723
      1 10724
      2 10725
      2 10727
      2 10729
      1 10730
      5 10739
      1 10741
      1 10742
      1 10745
      1 10747
      6 10748
      1 10749
      1 10755
      1 10757
      1 10759
      9 10760
      4 10761
      1 10763
      2 10764
      1 10768
      3 10773
      1 10776
      1 10777
      1 10782
      2 10789
      5 10792
      2 10798
      1 10800
      1 10801
      3 10803
      1 10804
      1 10806
      1 10816
      1 10818
      1 10821
      1 10823
      1 10839
      1 10843
      1 10864
      1 10869
      2 10871
      2 10872
      1 10876
      2 10878
      1 10882
      1 10884
      1 10886
      1 10888
      2 10890
      2 10893
      5 10894
      1 10895
      2 10897
      1 10898
      1 10899
      3 10903
      2 10904
      1 10905
      1 10906
      1 10912
      1 10913
      1 10914
      2 10917
      4 10919
      1 10920
      1 10921
      1 10922
      2 10923
      2 10926
      2 10927
      4 10929
      1 10932
      2 10934
      1 10938
      1 10939
      1 10941
      2 10942
      1 10944
      1 10947
      1 10949
      4 10952
      5 10953
      1 10962
      1 10963
      1 10966
      1 10969
      1 10970
      2 10972
      2 10977
      1 10989
      1 10990
      2 10992
      3 10993
      1 10995
      1 10997
      2 10998
      1 10999
      1 11000
      2 11001
      2 11002
      3 11003
      4 11004
      4 11005
      3 11006
      3 11007
      3 11008
      1 11009
      1 11010
      7 11014
      3 11016
      1 11017
      1 11018
      2 11019
      1 11020
      2 11022
      1 11024
      5 11025
      3 11026
      1 11030
      1 11032
      2 11033
      2 11034
      2 11037
      2 11039
      1 11040
      1 11042
      2 11043
      1 11044
      2 11045
      2 11046
      8 11047
      1 11050
      1 11052
      1 11056
      1 11057
      1 11059
      1 11060
      7 11061
      4 11062
      1 11063
      1 11065
      1 11066
      1 11067
      2 11069
      1 11072
      1 11075
      1 11081
      1 11085
      2 11086
      5 11092
      2 11093
      1 11094
      3 11098
      1 11099
      3 11100
      1 11101
      4 11105
      1 11107
      1 11108
      1 11112
      1 11117
      1 11118
      4 11120
      3 11122
      2 11125
      2 11129
      2 11132
      3 11134
      6 11136
      1 11137
      6 11138
     10 11142
      1 11143
      4 11144
      5 11146
      3 11147
      1 11149
      4 11152
     29 11153
      1 11155
      2 11156
      1 11161
      1 11162
     10 11164
      1 11165
      1 11168
      2 11171
      3 11172
      3 11174
      4 11175
      2 11176
      2 11178
      4 11179
      1 11181
      7 11182
     10 11183
      3 11184
      3 11190
      2 11191
      1 11192
      2 11195
      4 11196
      1 11197
      2 11200
      1 11201
      1 11202
      2 11205
      2 11207
      1 11209
      1 11211
      1 11216
      2 11217
      1 11220
      2 11223
      1 11224
     16 11225
      4 11226
      5 11227
      4 11228
      2 11229
      1 11236
      1 11237
      3 11239
      7 11240
      1 11241
      4 11242
      1 11247
      4 11251
      2 11253
      4 11254
      2 11256
      2 11258
      3 11259
      2 11262
      1 11263
      2 11265
      2 11268
      1 11269
      1 11278
      1 11280
      1 11281
     32 11282
     18 11283
      1 11284
      6 11285
      1 11290
      1 11291
      1 11294
      2 11295
      1 11297
      1 11300
      1 11301
      2 11302
      1 11303
      2 11312
      1 11314
      5 11315
      1 11317
      2 11318
      2 11322
      4 11323
      6 11324
      1 11325
      8 11326
      1 11327
      1 11329
      2 11330
      1 11331
      2 11333
     13 11334
     12 11335
      7 11337
     17 11338
      1 11339
      5 11340
      1 11341
      3 11344
      3 11346
     10 11347
      1 11348
      6 11349
      2 11351
      4 11352
      2 11358
      2 11359
      1 11361
      2 11366
      4 11367
      6 11369
      3 11370
      2 11371
      3 11374
      1 11375
      1 11376
      1 11378
      1 11379
      1 11382
      3 11384
      1 11385
      4 11386
      1 11387
      8 11388
      1 11428
      2 11433
      5 11494
      2 11497
      1 11498
      1 11505
      2 11507
      1 11508
      1 11513
      2 11517
      1 11519
      2 11520
      3 11521
      1 11528
      1 11534
      1 11542
      6 11547
      8 11548
      1 11550
      2 11551
      1 11552
      1 11554
      1 11555
      4 11559
      1 11562
      2 11563
      1 11564
     17 11569
      1 11570
      4 11571
      1 11574
      1 11576
      1 11577
      2 11580
      1 11584
      5 11586
      5 11589
      2 11591
      1 11592
      3 11593
      3 11594
      3 11595
      5 11598
      2 11599
      1 11601
      3 11603
      1 11605
      1 11606
      1 11607
      1 11611
      1 11614
      1 11615
      1 11617
      4 11619
      2 11621
      2 11622
      2 11623
      7 11625
      5 11626
      1 11627
      2 11628
      1 11629
      1 11630
     12 11631
      9 11633
      3 11636
      4 11638
      2 11641
      2 11644
      1 11645
      6 11647
      3 11649
      2 11652
      1 11654
      4 11655
      5 11656
      7 11657
      2 11658
      4 11659
      1 11661
      2 11662
      3 11664
      9 11671
      6 11672
      2 11674
      5 11675
      1 11678
      1 11680
      1 11681
      1 11682
      2 11684
      4 11685
      1 11686
      6 11687
      1 11690
      1 11693
      2 11695
      1 11697
      1 11698
      1 11700
      6 11704
      1 11706
      6 11710
      4 11711
      2 11714
      1 11716
      1 11717
      2 11719
      1 11720
      2 11721
      1 11722
      1 11723
      2 11726
      1 11731
      5 11733
      6 11734
      3 11736
      4 11737
      4 11740
      1 11741
      9 11743
      2 11744
      1 11745
      7 11747
      6 11748
      3 11749
      1 11752
      1 11753
      3 11754
      4 11755
      1 11757
      3 11761
      1 11763
      3 11764
      1 11765
      8 11769
      2 11770
      1 11772
      1 11773
      1 11774
      5 11777
      1 11780
      1 11781
      1 11783
      1 11785
      4 11786
      1 11787
      7 11788
      2 11791
      2 11792
      5 11794
      2 11795
      1 11800
      3 11801
     30 11804
      6 11805
      4 11806
      3 11807
      2 11810
      3 11811
      4 11812
      4 11814
      3 11817
      1 11820
      1 11823
      2 11824
      1 11825
      1 11826
      1 11827
      5 11829
      2 11830
      1 11831
      1 11832
      1 11833
      1 11838
      2 11839
      1 11840
      2 11841
      1 11842
      1 11843
      2 11844
      1 11847
      1 11848
      1 11849
      1 11850
      1 11852
      5 11853
      1 11854
      1 11855
      5 11857
      1 11859
      2 11863
      1 11864
      2 11865
      2 11871
      3 11872
      7 11875
      2 11876
      1 11877
      6 11879
      9 11880
      1 11881
      2 11883
      1 11884
      1 11885
      6 11886
      7 11887
      3 11888
      1 11889
      2 11891
     11 11892
      1 11893
      3 11895
      1 11896
     11 11897
     16 11898
      3 11899
     14 11901
      1 11902
      5 11906
      1 11908
      8 11909
      3 11910
      3 11912
      1 11913
      2 11918
      1 11919
      1 11921
      1 11923
      2 11924
      4 11925
      1 11926
      2 11928
      1 11929
      1 11931
      2 11932
      6 11933
      4 11935
     10 11939
      7 11940
      2 11942
      2 11943
      2 11946
      3 11947
      1 11948
      1 11952
      1 11953
      1 11955
      1 11956
      1 11958
      2 11959
      2 11961
      1 11962
      1 11965
      1 11968
      1 11969
      1 11970
      1 11971
      3 11974
      7 11977
      2 11978
      1 11980
      1 11982
      2 11984
      1 11986
      1 11987
      2 11988
      1 11990
      9 11991
      3 11994
      3 11997
      1 11998
      3 12000
      2 12001
      4 12004
      1 12007
      3 12008
      1 12009
      2 12010
      1 12011
      1 12013
      1 12014
      1 12015
      1 12016
      1 12017
      1 12020
      1 12022
      2 12024
      3 12027
      1 12029
      1 12030
      1 12031
      2 12035
      2 12038
      1 12042
      3 12046
      8 12047
      1 12048
      3 12049
      2 12050
      1 12052
      5 12054
      1 12057
      1 12059
      1 12062
      7 12065
      3 12066
      3 12067
      1 12070
      3 12071
      2 12075
      2 12078
      1 12085
      2 12087
      1 12089
      4 12090
      3 12092
      3 12093
      1 12095
      1 12096
      1 12100
      2 12102
      2 12103
      3 12105
      2 12107
      8 12108
      1 12109
      6 12110
      3 12113
      3 12115
      2 12116
      1 12117
      1 12118
      1 12120
      2 12121
      1 12123
      1 12124
     11 12126
      1 12127
      1 12130
      1 12131
      3 12132
      1 12133
      4 12134
      3 12135
      5 12137
      1 12139
      4 12141
      4 12142
      1 12143
      1 12144
      2 12146
      1 12150
      1 12154
      2 12156
      2 12158
      2 12161
      3 12162
      1 12163
     12 12165
      2 12166
      4 12168
      5 12170
     10 12171
      1 12173
     10 12177
      2 12178
      1 12179
      1 12182
      1 12187
      2 12188
      1 12189
      1 12191
      2 12192
      1 12193
      1 12194
      1 12195
      1 12196
      5 12197
      3 12199
      3 12201
      1 12202
      1 12205
      2 12208
      1 12209
      1 12210
      1 12212
      3 12214
      1 12216
      1 12218
      3 12219
      1 12220
     10 12221
      2 12222
      2 12223
      2 12224
      1 12225
      2 12226
      1 12227
      1 12229
      1 12232
      2 12235
      1 12236
      2 12238
      1 12244
      1 12245
      1 12246
      1 12250
      2 12251
      2 12252
      3 12254
      1 12255
      1 12256
      1 12258
      1 12260
      1 12262
      1 12264
      6 12265
      1 12270
      2 12273
      1 12280
      4 12282
      1 12284
      1 12285
      1 12287
      1 12289
      2 12290
      1 12292
      2 12294
      1 12297
      1 12298
      4 12301
      2 12302
      3 12303
      3 12305
      1 12307
      1 12308
      2 12310
      2 12312
      1 12316
      2 12320
      3 12321
      2 12322
      3 12327
      9 12328
      3 12329
      2 12330
      1 12331
      1 12332
      3 12333
      2 12334
      1 12335
      1 12337
      1 12338
      1 12341
      1 12345
      8 12347
      1 12350
      2 12351
      2 12352
      1 12356
      3 12360
      5 12362
      1 12363
      4 12364
      1 12368
      1 12369
      1 12370
      3 12371
      3 12373
      1 12376
      1 12378
      1 12379
      1 12380
      1 12381
      1 12382
      5 12385
      1 12388
      1 12389
      2 12390
      3 12391
      5 12392
      1 12393
      2 12397
      2 12399
      2 12400
      2 12401
      5 12403
      9 12404
      9 12405
      6 12407
      1 12408
      5 12409
      1 12411
      1 12412
      4 12413
      1 12414
      1 12415
      2 12417
      1 12419
      1 12420
      2 12422
      1 12423
      3 12424
      1 12425
      2 12427
      1 12430
      1 12431
      1 12432
      1 12433
      1 12434
      1 12435
      1 12436
      1 12437
      1 12438
      1 12439
      1 12440
      2 12441
      2 12442
      2 12443
      1 12445
      1 12448
      3 12453
      2 12454
      5 12457
      1 12458
      1 12459
      4 12460
      2 12461
      2 12462
      1 12463
      1 12465
      1 12469
      1 12472
      1 12474
      2 12479
      5 12484
      5 12485
      5 12486
      2 12487
      1 12488
      1 12490
      1 12491
      2 12492
      2 12494
      1 12495
      2 12496
      6 12498
      2 12499
      1 12500
      1 12501
      1 12508
      1 12511
      5 12513
      3 12516
      2 12518
      1 12520
      6 12523
      6 12524
      1 12527
      1 12528
      1 12531
      5 12533
      1 12535
      1 12536
      3 12538
      2 12540
      2 12541
      5 12542
      1 12543
      1 12544
      1 12546
      1 12547
      1 12549
      5 12550
      1 12551
      1 12552
      1 12553
      3 12555
      4 12556
      4 12557
      1 12558
      1 12559
      9 12560
      5 12563
      2 12565
      1 12567
      1 12569
      5 12571
      1 12572
      1 12573
      6 12575
     11 12577
      1 12581
     11 12582
      1 12583
      1 12585
      1 12586
      2 12589
      4 12590
      1 12591
      1 12594
      3 12597
      2 12598
      1 12600
      1 12601
      1 12602
      2 12603
      6 12604
      1 12605
      1 12607
      4 12608
      4 12609
      2 12611
      3 12612
      2 12613
      1 12615
      1 12618
      1 12619
      2 12621
      3 12629
      5 12632
      6 12633
      2 12634
      4 12639
      1 12641
      1 12643
      2 12644
      7 12645
      7 12646
      1 12647
      1 12648
      1 12649
      2 12651
      1 12655
      1 12658
      1 12662
      1 12663
      2 12664
      3 12665
      2 12667
      1 12670
      3 12672
      1 12674
      2 12677
      2 12679
      2 12682
      1 12683
      2 12684
      2 12685
      1 12686
      1 12700
      1 12701
      1 12702
      1 12704
      1 12705
      1 12707
      1 12708
      1 12711
      1 12713
      3 12714
      5 12716
      3 12717
      1 12719
      3 12720
      3 12721
      3 12722
      1 12723
      1 12725
      2 12726
      5 12727
      1 12729
      2 12731
      3 12737
      6 12740
      3 12741
      2 12744
      4 12747
      4 12750
      2 12753
      6 12756
      1 12757
      1 12758
      1 12760
      7 12761
      2 12762
      2 12763
      2 12767
      1 12768
      1 12770
      5 12772
      4 12773
      2 12774
      3 12775
      1 12776
     14 12778
      2 12780
      1 12781
      1 12782
      1 12795
      1 12796
      3 12800
      1 12806
      1 12808
      4 12809
      9 12811
      1 12812
      1 12813
      1 12814
      1 12815
      2 12816
      1 12820
      2 12821
      1 12825
      2 12826
      4 12828
      2 12830
      1 12831
      7 12832
      3 12833
      3 12834
      2 12837
      1 12838
      1 12842
      2 12845
      5 12847
      1 12849
      1 12851
      1 12853
      1 12857
      1 12858
      1 12859
      4 12861
      1 12863
      1 12864
      1 12867
      1 12868
      1 12871
      2 12873
      3 12877
      2 12878
      1 12879
      1 12881
      5 12884
      2 12886
      2 12888
      1 12890
      1 12891
      1 12892
      1 12893
      1 12897
      2 12898
      2 12899
      2 12901
      2 12905
      3 12908
      4 12911
      2 12914
      3 12915
      7 12916
      2 12918
      2 12920
      7 12921
      1 12923
      1 12924
      1 12931
      1 12933
      1 12934
      6 12936
      1 12938
      1 12940
      6 12941
      3 12944
      2 12946
      4 12947
      2 12948
      2 12949
      1 12950
      1 12951
      4 12954
     12 12957
      2 12958
      1 12959
     16 12961
      1 12965
      6 12966
     21 12968
      4 12969
      2 12970
      5 12971
      1 12972
      3 12976
      2 12977
      1 12978
      3 12979
      4 12983
      1 12984
      3 12985
      3 12986
      2 12987
      1 12993
      1 12997
      2 12998
      1 13002
      1 13003
      1 13004
      5 13007
      2 13008
      3 13011
      2 13013
      6 13014
      1 13017
      1 13018
      2 13019
      3 13022
      5 13024
      3 13025
      1 13031
      2 13034
      2 13039
      1 13040
      3 13041
      1 13043
      1 13047
      1 13048
      1 13052
      1 13053
      1 13055
      2 13056
      2 13058
      1 13059
      2 13062
      4 13063
      2 13067
      2 13075
      1 13077
      1 13078
      1 13079
      2 13081
      1 13082
      3 13084
      2 13085
      5 13086
      2 13090
      1 13093
      2 13094
      3 13095
      7 13096
      3 13097
      3 13098
      1 13100
      1 13101
      2 13102
      1 13105
      1 13106
      1 13109
      3 13110
      3 13111
      1 13113
      2 13115
      1 13117
      2 13121
      2 13122
      1 13123
      1 13124
      1 13126
      1 13128
      4 13129
      1 13131
      5 13133
      5 13134
      3 13135
      1 13136
      4 13137
      1 13138
      4 13139
      4 13140
      1 13142
      3 13146
      1 13151
      1 13152
      6 13153
      3 13154
      1 13155
      1 13157
      2 13160
      1 13162
      1 13163
      1 13166
      1 13168
      7 13169
      2 13170
      1 13173
      4 13174
      1 13177
      1 13179
      2 13180
      1 13182
      2 13185
      2 13186
      2 13187
      4 13190
      1 13192
      2 13193
      1 13195
      1 13199
      2 13200
      1 13201
      1 13202
      2 13203
      1 13205
      1 13206
      1 13208
      6 13209
      1 13210
      2 13211
      1 13214
      2 13215
      4 13217
      1 13218
      1 13219
      1 13222
      2 13226
      4 13228
      1 13231
      1 13232
      2 13234
      1 13236
      1 13237
      1 13242
      1 13245
      1 13247
      1 13248
      1 13249
      1 13250
      1 13251
     10 13253
      8 13259
      2 13260
      3 13265
      3 13266
      2 13267
      2 13270
      2 13271
      1 13273
      3 13274
      3 13277
      1 13279
      1 13280
      3 13281
      1 13282
      2 13283
      2 13284
      4 13286
      3 13287
      3 13288
      4 13289
      3 13292
      2 13294
      2 13296
      2 13297
      2 13302
      1 13303
      1 13304
      1 13307
      7 13309
      1 13310
      1 13311
      1 13312
      2 13314
      4 13316
      1 13318
      1 13319
      2 13321
      1 13330
      2 13331
      1 13334
      3 13335
      2 13341
      6 13344
      3 13345
      1 13346
      2 13348
      2 13349
      2 13351
      2 13354
      4 13355
      1 13356
      2 13358
      1 13359
      1 13362
      1 13363
      2 13365
      3 13366
      1 13368
      9 13370
      1 13376
      1 13378
     31 13380
      1 13382
      3 13383
      2 13385
      2 13386
      2 13388
      1 13390
      8 13391
      1 13393
      4 13394
      4 13396
      1 13399
      3 13402
      3 13403
      1 13404
      2 13405
      9 13408
      2 13411
      1 13412
      1 13413
      5 13414
      1 13417
      2 13418
      5 13422
      1 13425
      1 13430
      1 13431
      2 13433
      1 13434
      1 13435
      2 13437
      2 13438
      8 13439
      1 13440
      3 13441
      3 13444
      1 13445
      1 13448
      2 13449
      2 13450
      8 13455
      4 13459
      1 13460
      2 13462
      1 13463
      1 13464
      2 13465
      1 13466
      2 13467
      1 13468
      2 13469
      1 13470
      2 13471
      1 13474
      1 13475
      3 13477
      3 13478
      2 13481
      3 13482
      4 13483
      2 13484
      2 13485
      1 13487
      3 13492
      1 13496
     10 13499
      5 13500
      1 13501
      5 13502
      6 13504
      6 13506
      4 13507
      1 13508
      9 13510
      1 13511
      3 13512
      3 13514
      7 13515
      4 13516
      1 13518
      1 13519
      1 13525
      5 13528
      9 13529
      3 13535
      1 13536
      1 13537
      1 13540
      1 13541
      1 13542
      1 13543
      1 13544
      3 13545
      4 13546
      1 13547
      1 13551
      1 13552
      1 13553
      1 13557
      1 13560
      1 13561
      1 13562
      1 13567
      1 13573
      2 13575
      3 13582
      1 13583
      6 13584
      1 13585
      1 13586
      2 13587
      4 13589
      2 13590
      4 13593
      5 13595
     10 13596
      2 13597
      6 13598
     18 13599
      1 13600
      7 13601
      4 13603
      1 13604
      1 13605
      1 13606
      3 13607
      3 13610
      1 13611
      6 13612
      3 13613
      1 13614
      2 13616
      1 13617
      1 13618
      1 13619
      1 13620
      1 13621
      3 13623
      3 13625
      1 13628
      2 13629
      2 13635
      1 13639
      5 13641
      9 13642
      3 13643
      1 13646
      1 13648
      2 13654
      4 13658
      2 13661
      1 13662
      1 13664
      2 13665
      5 13672
      4 13673
      3 13674
      3 13675
      1 13676
      2 13677
      2 13679
      1 13681
      1 13682
     10 13685
      1 13687
      2 13688
      1 13689
      1 13690
      2 13691
     10 13695
      4 13696
      1 13698
      1 13699
      2 13701
      1 13703
      6 13706
      5 13707
      3 13708
      1 13709
      3 13712
      1 13713
      1 13715
      2 13716
      1 13721
      2 13724
      4 13725
      3 13728
     16 13729
      1 13730
      4 13731
      4 13732
      3 13737
      3 13738
      3 13739
      1 13741
     14 13743
      1 13749
      1 13750
      4 13751
      1 13754
      1 13756
      1 13758
      4 13759
      2 13761
      2 13762
      1 13764
      1 13765
      1 13769
      1 13770
      2 13771
     10 13772
      4 13774
      2 13775
      1 13776
      1 13778
      2 13779
      2 13780
      4 13785
      2 13790
      2 13791
      1 13792
      1 13793
      5 13794
      1 13796
      5 13798
      2 13799
      2 13801
      2 13804
      3 13805
      1 13807
      1 13808
      1 13809
      1 13810
      1 13811
      1 13812
      1 13813
      1 13814
      1 13815
      1 13816
      1 13817
      1 13818
      1 13819
      1 13820
      1 13822
      2 13823
      1 13825
      1 13827
      1 13829
      1 13830
      1 13837
      1 13840
      1 13843
      1 13844
      3 13845
      1 13846
      1 13847
      3 13848
      3 13858
      1 13860
      1 13861
      3 13863
      1 13865
      2 13868
      1 13869
      2 13870
      1 13871
      2 13872
      3 13873
      2 13874
      4 13879
      1 13880
      1 13881
      2 13882
      1 13883
      2 13884
      1 13885
      8 13886
      3 13887
      5 13889
      2 13890
      5 13891
     13 13892
      2 13893
      1 13894
      1 13895
      8 13896
      2 13897
      1 13898
      1 13899
      2 13902
      3 13904
      3 13909
      1 13910
      1 13911
      1 13912
      2 13914
      1 13915
      2 13916
      2 13919
      2 13920
      3 13924
      1 13926
      1 13928
      1 13930
      1 13931
      4 13932
      4 13934
      2 13935
      4 13937
      1 13938
      1 13939
      4 13940
      8 13942
      3 13943
      5 13944
      2 13945
      4 13946
      1 13947
      1 13950
      1 13951
      1 13952
      1 13953
      4 13957
      2 13958
      1 13960
      1 13966
      5 13967
      1 13968
      4 13970
      3 13972
      4 13973
      1 13976
      3 13977
      1 13981
      1 13982
      1 13985
      1 13988
      1 13989
      3 13990
      2 14001
      7 14002
      1 14003
      8 14004
      1 14005
      3 14006
      1 14007
      1 14008
      1 14009
      1 14010
      5 14013
      1 14015
      2 14016
      1 14018
      1 14019
      3 14026
      1 14027
      1 14029
      5 14030
      1 14031
      1 14035
      1 14037
      2 14040
      1 14041
      2 14044
      1 14045
      1 14046
      2 14047
      2 14050
     12 14051
      2 14055
      1 14061
      4 14063
      1 14064
      1 14066
      2 14067
     28 14069
      2 14070
      2 14072
      1 14073
      1 14076
      2 14080
      1 14081
      2 14083
      1 14086
      5 14088
      3 14089
      2 14090
      5 14091
      1 14092
      1 14093
      1 14094
      2 14095
      1 14102
      3 14103
      3 14104
      1 14106
      1 14107
      1 14109
      1 14111
      1 14112
      2 14114
      1 14116
      2 14117
      3 14118
      1 14119
      3 14123
      5 14126
      1 14128
      8 14129
      2 14132
      2 14134
      4 14137
      1 14139
      2 14141
      1 14142
      2 14144
      2 14146
      1 14148
      3 14149
      1 14150
      1 14151
     26 14153
      1 14155
      3 14156
      4 14157
      2 14161
      4 14166
      1 14169
      1 14171
      1 14172
      3 14173
      1 14175
      1 14177
      1 14179
      1 14182
      1 14185
      4 14188
      5 14190
      2 14192
      3 14194
      1 14196
      1 14199
      7 14202
      1 14203
      1 14205
      1 14206
      2 14210
      1 14214
      2 14215
      2 14221
      4 14222
      4 14223
      6 14224
      2 14226
      3 14227
      1 14232
      5 14233
      2 14234
      3 14237
      1 14238
      3 14241
      1 14243
      2 14245
      1 14247
      1 14248
      2 14249
      3 14250
      2 14251
      1 14252
      1 14257
      1 14259
      1 14260
      5 14263
      3 14264
      6 14266
      4 14267
      1 14273
      1 14274
     20 14277
      2 14281
      1 14282
      2 14284
      2 14285
      1 14286
      2 14287
      3 14290
      2 14292
      3 14293
      3 14294
      2 14295
      2 14296
      5 14297
      1 14298
      1 14299
      2 14301
      1 14305
      1 14307
      2 14308
      3 14309
      4 14311
      6 14313
      3 14315
      4 14316
      1 14317
      2 14318
      2 14322
      2 14323
      1 14325
      2 14328
      1 14330
      1 14331
      1 14337
      3 14340
      1 14342
      5 14344
      4 14345
      1 14346
      1 14347
      1 14348
      3 14352
      4 14355
      1 14356
      1 14357
      1 14358
      3 14359
      1 14360
      1 14361
      2 14362
      4 14366
      3 14368
      3 14369
      2 14372
      4 14373
      6 14376
      3 14378
      1 14379
      4 14382
      3 14383
      2 14384
      1 14387
      1 14389
      1 14390
      6 14392
      1 14394
      1 14395
      2 14398
      1 14400
      1 14403
      1 14406
      1 14408
      1 14409
     12 14410
     11 14411
      1 14414
      4 14415
      1 14418
      4 14419
      2 14420
      1 14422
      1 14426
      1 14431
      1 14433
      2 14436
      1 14437
      3 14438
      1 14439
      2 14443
      2 14445
      8 14447
      1 14448
      3 14449
      4 14450
      2 14452
      1 14456
      5 14457
      3 14458
      2 14459
      2 14461
      2 14464
      1 14468
      4 14469
      2 14470
      1 14473
      1 14477
      1 14478
      3 14481
      2 14487
      2 14488
      2 14491
      2 14493
      1 14494
      1 14496
      2 14498
      1 14502
      2 14503
      1 14504
      3 14506
      1 14507
      4 14516
      2 14519
      1 14520
      2 14521
      1 14525
      1 14528
      1 14529
      2 14530
      6 14531
      1 14533
      5 14539
      1 14542
      1 14543
      3 14548
      2 14549
      7 14552
      3 14553
      3 14555
      2 14556
      1 14558
      1 14560
      1 14561
      1 14562
      7 14564
      1 14565
      2 14568
      2 14572
      1 14573
      2 14579
      4 14583
      3 14584
      1 14587
      4 14592
      1 14593
      1 14594
      1 14595
      1 14596
      1 14597
      1 14600
      1 14604
      2 14605
      3 14615
      5 14622
      2 14626
      2 14629
      6 14631
      1 14632
      4 14634
      1 14635
      4 14636
      1 14638
      2 14642
      2 14644
      1 14645
      1 14646
      4 14648
      1 14652
      2 14655
      1 14656
      4 14657
      2 14658
      2 14663
      3 14665
     15 14670
      5 14671
      3 14673
      1 14674
      5 14676
      4 14677
      2 14679
      1 14681
      1 14682
      1 14683
      1 14684
      4 14688
      1 14690
      1 14694
      5 14695
      1 14696
      1 14697
      1 14700
      1 14703
      1 14704
      2 14705
      1 14706
      1 14711
      1 14712
      1 14713
      1 14717
      2 14719
      2 14725
      4 14730
      6 14732
      2 14733
      5 14734
      1 14735
      2 14736
      8 14737
      3 14738
      3 14741
      1 14742
      2 14744
      1 14745
      1 14746
     10 14749
      1 14750
     13 14751
      2 14753
      2 14755
      2 14757
      1 14762
      1 14764
      3 14766
      3 14767
      1 14768
      3 14772
      1 14773
      1 14775
      2 14779
      6 14783
      1 14784
      1 14785
      1 14792
      2 14795
      1 14796
      3 14799
      3 14802
      1 14803
      1 14805
      3 14806
      1 14807
      2 14808
      1 14809
      2 14810
      1 14811
      1 14812
      1 14814
      1 14815
      1 14816
      1 14817
      1 14820
      1 14821
      2 14825
      1 14827
      1 14828
      1 14829
      1 14830
      7 14831
      3 14832
      3 14834
      3 14835
      1 14840
      1 14841
      4 14844
      4 14845
      6 14846
      4 14847
      1 14848
      1 14849
      2 14850
      1 14852
      3 14853
      1 14857
      1 14859
      1 14860
      1 14861
      1 14862
      1 14863
      1 14868
      1 14871
      9 14875
     13 14876
      2 14881
      3 14882
      1 14883
      2 14884
      1 14886
      1 14887
      1 14889
      1 14894
      1 14896
      1 14899
      1 14900
      1 14901
      3 14902
      1 14904
      1 14905
      1 14907
      1 14911
      2 14912
      1 14914
      2 14915
      3 14916
      2 14920
      1 14921
      2 14922
      1 14923
      5 14926
      3 14930
      1 14931
      1 14934
     11 14936
      2 14937
      2 14938
      8 14939
      1 14940
      3 14943
     26 14948
      4 14949
      1 14952
      2 14953
      4 14954
      4 14955
      9 14957
      2 14960
      1 14963
      1 14968
      1 14970
      3 14971
      4 14972
      1 14973
      2 14974
      2 14975
      1 14976
      2 14977
      1 14978
      1 14979
      1 14980
      1 14981
      3 14983
      3 14984
      1 14985
      1 14986
      1 14988
      2 14991
      1 14992
      6 14993
      3 14994
      1 14995
