     11 3
      2 5
      5 7
      1 8
      2 11
      2 12
      3 14
      1 18
      1 20
      1 21
      1 22
      1 25
      1 29
      1 31
      1 34
      1 35
      1 36
      1 37
      1 38
      1 41
      1 42
      1 45
      4 47
      6 48
      2 49
      1 51
      2 55
      6 66
      2 68
      1 69
      2 72
      2 73
      1 75
      2 79
      1 81
      1 82
      2 83
      1 84
      3 85
      4 86
      7 88
      1 89
      1 90
      1 93
      1 94
      1 96
      1 97
      1 101
      1 102
      1 103
      1 104
      1 105
      1 106
      1 107
      1 108
      1 109
      1 110
      1 111
      1 112
      1 113
      1 115
      1 116
      1 117
      1 131
      1 138
      2 139
      1 145
      1 147
      1 150
      1 151
      1 153
      1 159
      1 160
      1 171
      1 172
      1 173
      1 182
      1 183
      1 191
      1 193
      1 204
      1 210
      1 211
      1 216
      2 219
      3 220
      1 230
      1 231
     10 232
      8 233
      1 234
      1 236
      1 238
      3 239
      9 240
      8 241
      1 242
      1 244
      1 245
      8 246
      3 247
      3 249
      2 252
      6 253
      1 254
      1 257
      1 258
      1 261
      2 262
      1 266
      1 267
      3 271
      1 273
      1 275
      2 276
      2 282
      1 286
      2 288
      2 297
      1 299
      2 300
      1 301
      4 302
      1 303
      1 306
      1 309
      1 311
      1 313
      1 314
      1 317
      3 318
      2 320
      1 323
      1 324
      2 334
      3 339
      2 340
      1 343
      2 344
      2 345
      1 348
      2 353
      1 355
      4 357
      1 358
      1 361
      1 364
      2 367
      9 369
      1 374
      1 377
      3 379
      3 380
      1 383
      2 391
      1 392
      3 394
      4 395
      3 396
      1 397
      1 401
      3 402
      4 405
      5 406
      4 407
      3 408
      2 409
      2 410
      2 412
      2 413
      1 416
     12 418
      1 419
      7 421
      5 423
      2 426
     13 427
      1 430
      1 431
      9 435
      1 436
      6 437
      1 438
      1 439
      2 440
      1 442
      4 444
      2 447
      1 452
      6 454
      1 455
      5 456
      2 457
      3 458
      1 460
      1 464
      1 465
      1 466
      4 467
      2 470
      1 473
      3 474
      5 475
      1 477
      2 481
      1 488
      1 489
      2 494
      2 495
      1 497
      1 501
      1 502
      1 504
      3 507
      1 508
      2 509
      1 511
      1 512
      5 513
      1 514
      3 515
      1 516
      1 518
      2 519
      7 520
      2 522
      3 524
      5 525
      4 526
      5 527
      2 530
      2 531
      2 532
      1 534
      2 535
      8 536
      1 537
      3 540
      1 541
      1 542
      4 543
      2 545
      4 546
      1 549
      4 553
      1 554
      4 555
      4 556
      1 559
      3 563
      1 564
      1 568
      2 569
      1 570
      1 571
      1 573
      1 574
      2 575
      1 578
      2 581
      1 583
      1 589
      6 591
      1 592
      1 593
      2 594
      1 595
      2 597
      5 598
      2 600
      4 604
      1 605
      9 606
      2 608
      2 609
      2 612
      2 614
      3 615
      2 616
      4 617
      3 618
      1 619
      1 624
      1 628
      5 632
      1 633
      1 639
      1 641
      9 642
      3 643
      5 645
      1 647
      2 648
      1 649
      1 653
      3 654
      6 655
      1 657
      1 658
      7 661
      4 662
      5 663
      2 664
      1 665
      5 666
      5 667
      3 671
      2 672
      1 674
      7 675
      3 676
      1 678
      1 679
      1 680
      1 681
      3 682
      3 683
     14 687
      2 688
      6 691
      1 692
      1 694
      5 695
      1 697
      1 698
      2 700
      1 701
      3 703
      1 705
      1 706
      4 711
      2 712
     10 714
      1 716
      4 724
      5 725
      6 726
      3 731
      7 732
      5 733
      1 737
      1 741
      1 743
      5 747
      2 748
      8 749
      4 751
      1 753
      1 755
      4 759
      1 775
      3 779
      1 782
      1 784
      2 785
      2 786
      2 789
      4 792
      4 793
      4 794
      1 796
      1 797
      2 798
      1 802
      2 808
      3 809
      1 811
      2 812
      1 815
      4 816
      1 817
      3 819
      1 821
      1 826
      2 832
      1 833
      1 834
      1 835
      1 836
      1 839
      2 849
      1 852
      1 854
      1 857
      2 868
      1 872
      1 873
      1 878
      1 880
      1 881
      9 882
      1 883
      1 887
      2 889
      1 890
      1 891
      1 892
      1 895
      2 899
      1 900
      2 904
      1 908
      1 915
      1 920
      1 924
      1 928
      1 932
      1 935
      1 948
      2 958
      1 959
      1 965
      1 970
      2 974
      2 975
      1 977
      3 980
      1 982
      2 984
      1 987
      1 989
      1 991
      6 992
      2 994
      2 995
      5 997
      2 999
      4 1000
      5 1001
      1 1007
      1 1009
      1 1010
      1 1014
      1 1015
      1 1016
      1 1027
      1 1030
      1 1046
      3 1073
      1 1074
      6 1075
      2 1078
      1 1079
      4 1081
      1 1084
      1 1087
      1 1090
      2 1092
      2 1099
      1 1100
      2 1106
      1 1117
      1 1118
      5 1121
      1 1122
      2 1124
      1 1125
      2 1134
      2 1135
      1 1137
      1 1142
      5 1143
      1 1147
      3 1148
      3 1150
      5 1152
      3 1156
      2 1158
      6 1167
      1 1171
      5 1172
      9 1174
     20 1175
      3 1176
     26 1178
      1 1179
      1 1181
      6 1182
      8 1184
      2 1185
      1 1186
      9 1192
     10 1193
      2 1194
      9 1196
      4 1197
      3 1198
      4 1199
      4 1200
      7 1201
     12 1204
      1 1205
      2 1206
      1 1207
      1 1208
      1 1209
      1 1210
      5 1211
      3 1214
      1 1221
      5 1225
      2 1226
      2 1227
      4 1230
      2 1233
      1 1238
      1 1242
      1 1244
      3 1246
      1 1250
      2 1251
     14 1257
      1 1266
      1 1274
      2 1277
      4 1278
      1 1280
      2 1281
      2 1282
      1 1284
      4 1285
      3 1287
      1 1297
      1 1298
      3 1299
      1 1300
     15 1301
      1 1302
      2 1303
      1 1304
      2 1306
      1 1307
      1 1313
      1 1315
      1 1316
      3 1327
      1 1329
      1 1330
      1 1336
      1 1337
      2 1339
      6 1342
      6 1345
      1 1348
      1 1360
      3 1361
      2 1363
      5 1364
      1 1370
      2 1371
      3 1372
      5 1375
      4 1380
      2 1381
      1 1396
      1 1397
      1 1398
      8 1410
      4 1412
      1 1413
      2 1416
      1 1421
      1 1426
      1 1433
      1 1434
      1 1435
      1 1436
      2 1438
      1 1439
      2 1455
      1 1456
      4 1457
      8 1458
      1 1459
      1 1460
      1 1461
      1 1465
      1 1466
      2 1468
      1 1469
      1 1472
      3 1474
      1 1475
      1 1478
      1 1481
      2 1485
      9 1486
      5 1487
      2 1488
      1 1489
      1 1490
      1 1491
      1 1493
      1 1499
      4 1500
      1 1501
      2 1502
      1 1503
      1 1504
      5 1508
      2 1510
      1 1511
      2 1512
      2 1513
      7 1516
      1 1517
      2 1518
      5 1519
      5 1522
     17 1523
      5 1524
      1 1525
      1 1526
      1 1527
      8 1529
      1 1530
      2 1531
      2 1533
      1 1534
     10 1536
      1 1537
      6 1541
      4 1542
      1 1543
      1 1545
      1 1546
     10 1547
      8 1548
      2 1549
      4 1550
      1 1551
      5 1552
      2 1553
      5 1554
      1 1555
      1 1556
      1 1557
      2 1558
      2 1560
      1 1562
      5 1564
      2 1565
      3 1566
      1 1567
      3 1569
      5 1570
      3 1575
      1 1578
      1 1579
     28 1580
      1 1581
      1 1582
      5 1583
      2 1585
      2 1587
      3 1588
      2 1589
      1 1592
      1 1595
      2 1596
      1 1598
      3 1599
      1 1620
      1 1629
      1 1636
      1 1637
      5 1641
      3 1643
      4 1644
      1 1645
      5 1646
      7 1647
      7 1648
      7 1649
      5 1650
      1 1651
      4 1652
      1 1653
      1 1654
      5 1655
      5 1656
      1 1657
      5 1658
      1 1659
      1 1660
      5 1661
      5 1662
      1 1663
      1 1664
      8 1665
      5 1666
      1 1667
      5 1668
      1 1669
      1 1670
     15 1673
      1 1675
      1 1676
      2 1692
      2 1700
      1 1704
      1 1708
      1 1714
      1 1720
      1 1725
      1 1726
      1 1730
      1 1731
      1 1735
      1 1737
      1 1738
      1 1742
      1 1743
      1 1744
      1 1745
      7 1746
      2 1747
      1 1756
      1 1761
      1 1767
      1 1769
      1 1774
      1 1775
      1 1776
      1 1780
      3 1783
      1 1784
      1 1791
      1 1796
      1 1807
      1 1810
      1 1819
      1 1821
      1 1822
      3 1833
      1 1836
      1 1837
      1 1841
      2 1844
      1 1845
      3 1848
      1 1854
      3 1871
      1 1876
      1 1890
      1 1891
      1 1892
      1 1893
      1 1896
      1 1902
      6 1906
      6 1907
      1 1908
      4 1912
      2 1914
      3 1915
      4 1916
      3 1917
      1 1918
      3 1919
      4 1920
      1 1922
      2 1923
      4 1925
      2 1926
      2 1928
      2 1929
      1 1931
      8 1933
      2 1934
      1 1937
      1 1938
      2 1939
      1 1940
      5 1944
      4 1946
      1 1947
      2 1949
      1 1958
      1 1964
      1 1969
      2 1976
      3 1978
      1 1982
      2 1985
      1 1988
     11 1991
      1 1994
      1 1995
     13 1996
      2 1997
      2 1998
      2 1999
      1 2001
      4 2003
      9 2008
      5 2011
      2 2015
      3 2016
      1 2017
      1 2020
      1 2021
     14 2027
      2 2028
      3 2029
      1 2030
      2 2032
      1 2039
      1 2041
      1 2042
      4 2052
     16 2054
      8 2055
      1 2056
      1 2057
      1 2058
      8 2061
      2 2078
      1 2089
      2 2091
      1 2094
      1 2097
      3 2099
      2 2101
      5 2102
      3 2103
      1 2104
      1 2106
      1 2110
      1 2111
      1 2115
      3 2116
      4 2117
      2 2118
      1 2120
      3 2121
      5 2124
      3 2125
      3 2126
     11 2127
      4 2128
      2 2130
      1 2135
      2 2138
      1 2141
      1 2143
      1 2144
      3 2146
      9 2162
      1 2163
      7 2164
      1 2165
      5 2166
      2 2167
      3 2169
      2 2170
      2 2173
      2 2176
      1 2181
      1 2192
      1 2200
      4 2217
      2 2218
      1 2219
      7 2220
      4 2222
      3 2225
      1 2227
      6 2228
      2 2230
      7 2233
      2 2236
      2 2238
      1 2244
      1 2248
      1 2251
      1 2254
      3 2255
      3 2257
      6 2260
      1 2261
      1 2265
      1 2269
      1 2271
      6 2273
      1 2274
      2 2275
      2 2276
      1 2278
      2 2280
      2 2282
      6 2284
      2 2285
      1 2293
      3 2295
     10 2296
     11 2300
     23 2301
      1 2302
      4 2303
      1 2304
      2 2305
      1 2306
      4 2307
      2 2311
      3 2312
      1 2313
      5 2314
      4 2317
      1 2318
      2 2319
      3 2323
      3 2327
      4 2329
      3 2330
      2 2341
      6 2342
      1 2344
      2 2346
      1 2347
      1 2348
      4 2349
      9 2353
      1 2354
      1 2356
      1 2358
      2 2367
      1 2369
      2 2370
      8 2371
      6 2375
      5 2377
      1 2379
      4 2381
      1 2382
      1 2383
      1 2384
      2 2386
      1 2387
      1 2388
      1 2389
      1 2391
      2 2396
      2 2397
      2 2398
      2 2399
      1 2400
      1 2404
      2 2409
      2 2413
      3 2416
      1 2417
      3 2419
      6 2421
      3 2424
      2 2425
      2 2426
      7 2428
      1 2430
      2 2434
      1 2438
      1 2439
      3 2441
      3 2442
      1 2443
      3 2445
      2 2449
      1 2450
      1 2451
      1 2457
      2 2458
      2 2459
      2 2461
      2 2462
      2 2463
      1 2466
      1 2469
      7 2470
      2 2475
      1 2477
      2 2480
      1 2481
      2 2482
      1 2483
      3 2488
      5 2489
      1 2493
      1 2495
      1 2498
      7 2499
      5 2500
      2 2502
     12 2504
      2 2508
      5 2509
      1 2515
      1 2516
      3 2517
      4 2518
      2 2520
      1 2525
      1 2526
      1 2530
     42 2532
      3 2534
      2 2537
      1 2538
      1 2540
      3 2541
     11 2542
      2 2547
      1 2549
      2 2551
      2 2552
      1 2553
      1 2554
      2 2555
      1 2556
      1 2557
      9 2558
      2 2559
      1 2561
      2 2562
      6 2565
      2 2566
      7 2567
      4 2568
      2 2570
      3 2571
      2 2575
      1 2576
      5 2577
      8 2578
      2 2579
      5 2582
      1 2584
      2 2585
      1 2588
      1 2589
      4 2591
      9 2596
      5 2597
      3 2600
      2 2602
      1 2603
      4 2605
      1 2612
      2 2615
      3 2620
      1 2621
      2 2623
      2 2624
      1 2627
      1 2633
      1 2637
      2 2640
      1 2641
      1 2643
      2 2648
      2 2651
      1 2652
      7 2653
      5 2654
      1 2656
      3 2657
      1 2661
      1 2662
      2 2663
      1 2666
      4 2667
      4 2668
      2 2669
      1 2670
      6 2671
      2 2672
      3 2673
     24 2675
      3 2676
      1 2677
      1 2678
      4 2679
      3 2680
      2 2682
      5 2685
      3 2686
      2 2687
      4 2688
      1 2690
      1 2692
     10 2694
      5 2695
      5 2696
      1 2697
      1 2699
      5 2700
      3 2701
      7 2703
     20 2705
      3 2706
      1 2708
      1 2709
      1 2710
      1 2711
      4 2713
      1 2714
      1 2715
      3 2717
      1 2718
      3 2720
      2 2721
      4 2722
      3 2723
      5 2724
      2 2735
      1 2736
      1 2737
      1 2741
      3 2743
      3 2744
      1 2747
      1 2750
      1 2754
      3 2755
      1 2760
      1 2763
      1 2764
      3 2766
      1 2792
      1 2793
      1 2795
      1 2796
      1 2807
      1 2811
      1 2812
      1 2813
      1 2815
      1 2817
      2 2819
      2 2832
      2 2835
      1 2841
      1 2847
      1 2848
      1 2849
      1 2853
      3 2855
      1 2868
      1 2869
      1 2872
      1 2873
      1 2874
      1 2875
      1 2877
      1 2878
      1 2879
      1 2880
      1 2882
      1 2883
      1 2886
      1 2890
      1 2891
      7 2893
      3 2896
      1 2898
      2 2903
      3 2904
      2 2907
      4 2908
      5 2909
      1 2916
      2 2917
      1 2918
      1 2922
      2 2924
      1 2925
      1 2926
      1 2927
      2 2928
      5 2930
      1 2935
      1 2937
      2 2938
      1 2941
      2 2945
      1 2948
      2 2949
      4 2951
      1 2952
      4 2955
      2 2958
      1 2959
      2 2961
      6 2962
      1 2963
      3 2967
      1 2968
      6 2970
      6 2971
      7 2972
      7 2974
      3 2975
      2 2976
      1 2978
      1 2981
      1 2982
      3 2983
      1 2984
      5 2985
      5 2986
      1 2987
      3 2989
      2 2993
      1 2994
      1 2995
      2 2997
      9 2998
      2 3000
      1 3002
      2 3005
      2 3007
      2 3008
      4 3010
      2 3011
      1 3017
      1 3018
      2 3021
      1 3022
      5 3023
      1 3029
      1 3031
      1 3034
      1 3035
      1 3037
      3 3038
      1 3039
      1 3046
      1 3050
      2 3052
      3 3053
      2 3055
      2 3056
      1 3060
      1 3063
      1 3064
      2 3069
      2 3078
      2 3079
      1 3083
      1 3085
      6 3086
      1 3088
      1 3091
      2 3093
      2 3094
      1 3096
      1 3100
      4 3104
      1 3105
      4 3106
      3 3108
      1 3109
      1 3110
     14 3111
      5 3112
      2 3113
      1 3114
      2 3116
      2 3117
      2 3121
      4 3123
      3 3124
      4 3126
      2 3127
      2 3129
      1 3131
      1 3134
      3 3136
      4 3137
      1 3138
      2 3140
      3 3141
      7 3142
      5 3145
      1 3164
      1 3165
      1 3166
      1 3169
      1 3171
      1 3173
      1 3175
      1 3176
      1 3179
      3 3180
     10 3181
      4 3182
      1 3184
      1 3195
      1 3198
      4 3199
      4 3201
      2 3202
      3 3203
      1 3204
      2 3205
      1 3206
      1 3209
      3 3210
      3 3212
      2 3213
      2 3215
      4 3218
      1 3221
      2 3226
      1 3229
      2 3231
      4 3238
      1 3239
      3 3245
      3 3246
      2 3247
      1 3248
      1 3249
      1 3250
      6 3252
      8 3253
      1 3254
      6 3255
      2 3256
      1 3258
      1 3261
      1 3263
      2 3272
      3 3278
      3 3279
      2 3281
      1 3283
      1 3284
     10 3294
      1 3295
      1 3297
      2 3298
      4 3299
      6 3300
      2 3301
      2 3307
     17 3309
      1 3310
      1 3312
      1 3316
      4 3318
      2 3319
      1 3320
      2 3321
      2 3328
      2 3330
      4 3332
      1 3334
      1 3335
      1 3336
      1 3337
      1 3339
     16 3340
      1 3341
      3 3342
      1 3343
      2 3346
      2 3348
      1 3349
      1 3351
      2 3352
      3 3354
      4 3355
      2 3356
      2 3358
      3 3359
      2 3360
      1 3361
      2 3362
      3 3363
      1 3365
      1 3368
      1 3369
      2 3372
      1 3373
      1 3377
      1 3378
      1 3380
      1 3382
      1 3383
      1 3384
      1 3385
      1 3387
      6 3394
      1 3396
      1 3397
      1 3403
      1 3406
      1 3407
      1 3408
      1 3410
      2 3411
      2 3413
      1 3416
      5 3418
      2 3420
      4 3423
      1 3424
      1 3431
      3 3435
      1 3436
      1 3437
      2 3440
      1 3444
      5 3445
      4 3447
      1 3449
      2 3455
      1 3456
      1 3457
      6 3458
      4 3459
      3 3463
      5 3467
      7 3468
      5 3469
      4 3470
      4 3472
      1 3473
      8 3475
      1 3476
      1 3478
      1 3479
      3 3481
      3 3482
      6 3483
      4 3484
      1 3485
     14 3486
      1 3488
      4 3490
      4 3491
      3 3493
      5 3496
      1 3497
      3 3500
      5 3502
      5 3505
      9 3506
      5 3508
     12 3509
      1 3512
      1 3513
      3 3515
      6 3516
      5 3519
      4 3520
      1 3521
      7 3522
      4 3524
      1 3525
      1 3526
      7 3528
      2 3532
      2 3533
      3 3535
      2 3536
      4 3537
      1 3538
      2 3540
      1 3541
      1 3543
     20 3548
      1 3549
      1 3550
      2 3551
      7 3555
      1 3557
      2 3558
      1 3567
      2 3569
      2 3571
      1 3573
      2 3575
      1 3577
      2 3578
      1 3582
      1 3585
      1 3586
      1 3587
      1 3588
      1 3589
      1 3590
      5 3591
     28 3592
      2 3594
      1 3595
      1 3597
      3 3599
      3 3601
      1 3604
      5 3609
      1 3611
      1 3614
      5 3615
      3 3616
      1 3617
      4 3618
      1 3619
      1 3621
      1 3626
      1 3628
      1 3629
      1 3630
      3 3639
      1 3640
      1 3641
      2 3642
      1 3643
      3 3645
      3 3646
      2 3647
      4 3648
     10 3649
      1 3650
      2 3654
      4 3660
      1 3664
      3 3665
      3 3667
      2 3669
      2 3670
      1 3672
      1 3674
      2 3676
      3 3677
      1 3685
      2 3693
      6 3696
      3 3698
      1 3702
      3 3703
      1 3704
      2 3707
      1 3708
      1 3709
      2 3710
      3 3714
      1 3718
      6 3720
      3 3722
      5 3724
      1 3735
      2 3738
      1 3739
      1 3740
      1 3742
      1 3744
      1 3746
      5 3748
      1 3751
      1 3752
      1 3760
      4 3761
     12 3763
      6 3764
      2 3765
      2 3766
      2 3767
      1 3769
      1 3770
      2 3775
     15 3776
      3 3779
      1 3780
      1 3782
      2 3783
      1 3784
      1 3787
      2 3790
      8 3791
     13 3792
      2 3793
      2 3795
      1 3807
      3 3812
      1 3813
      4 3819
      4 3820
      1 3822
      6 3824
      2 3825
     13 3826
      4 3829
      6 3832
      2 3834
      6 3835
      1 3836
      3 3838
      1 3839
      1 3840
      1 3845
      1 3846
      2 3848
      1 3849
      2 3853
      2 3854
      7 3855
      2 3856
      1 3857
      2 3858
      1 3859
      2 3860
      1 3864
      2 3865
      1 3866
      2 3868
      2 3869
      1 3870
      2 3872
      1 3873
      1 3874
      1 3875
     12 3876
      3 3879
      6 3884
      3 3885
      1 3887
      1 3888
      3 3889
      2 3891
      2 3895
      1 3898
      7 3899
      2 3900
      1 3901
      1 3903
      2 3915
      1 3916
      1 3918
      1 3919
      4 3921
      1 3926
      2 3928
      1 3935
      1 3936
      1 3939
      1 3940
      1 3941
      1 3943
      1 3951
      3 3953
      3 3954
      2 3955
      1 3957
      1 3958
      1 3959
      1 3960
      2 3962
      2 3963
      4 3965
      4 3966
      2 3967
      1 3968
      1 3969
      1 3970
      2 3971
      4 3973
      1 3976
      1 3979
      5 3980
      3 3982
      2 3986
      1 3988
      2 3989
      2 3994
      1 3998
      6 4005
      2 4010
      2 4011
      4 4012
      4 4015
      2 4016
      6 4018
      3 4019
      1 4020
      1 4021
      1 4022
      1 4023
      1 4024
      8 4025
      8 4026
      8 4027
      8 4028
      8 4029
      8 4030
      8 4031
      1 4032
      1 4033
      8 4034
      2 4035
      1 4037
      1 4038
      2 4039
      2 4041
      1 4043
      2 4044
      2 4047
      1 4049
      2 4051
      1 4055
      2 4059
      2 4060
      4 4061
      3 4064
      1 4066
      4 4071
      1 4076
      1 4080
      1 4082
      7 4086
     10 4087
      2 4088
      1 4089
      1 4090
      1 4092
      1 4094
      3 4096
      1 4097
      2 4098
      7 4099
      1 4105
      4 4110
      1 4111
      1 4112
      1 4113
      3 4115
      3 4122
      4 4124
      1 4131
      4 4132
      2 4134
      3 4136
      3 4137
      3 4140
      4 4141
      3 4143
      1 4144
      3 4146
      1 4147
      2 4148
      1 4149
      3 4151
      3 4152
      5 4153
      2 4154
      2 4155
      2 4158
      1 4159
      1 4160
      1 4161
      1 4162
      1 4165
      5 4166
      1 4169
      1 4172
      2 4173
      1 4175
      1 4177
      5 4178
      2 4179
     15 4180
      1 4181
      2 4182
      1 4183
      2 4185
     10 4186
      1 4187
      3 4190
      3 4192
      1 4194
      1 4195
      1 4198
      1 4203
      1 4207
      1 4208
      1 4209
      1 4211
      1 4213
     13 4214
      2 4221
      1 4224
      8 4226
      1 4227
      4 4228
     11 4229
      1 4231
      1 4232
      3 4236
      2 4237
      2 4239
      1 4244
      1 4246
      1 4248
      1 4249
      1 4252
      1 4254
      5 4255
      2 4256
      5 4257
      1 4259
      4 4261
      2 4263
      2 4265
      1 4266
      4 4270
      6 4271
      5 4274
      1 4275
      2 4279
      1 4280
      1 4283
      1 4284
      1 4286
      3 4287
      2 4288
      1 4291
      2 4292
      1 4294
      1 4295
      1 4296
      1 4300
      2 4303
      2 4304
      1 4305
      1 4307
      2 4309
      1 4313
      6 4315
      2 4316
      1 4317
      1 4319
      1 4320
      2 4333
      1 4334
      1 4335
      1 4336
      1 4337
      2 4341
      6 4342
      1 4344
      2 4345
      3 4352
      1 4354
      1 4356
      1 4361
      1 4364
      2 4365
     17 4371
      2 4375
      2 4377
      3 4379
      4 4380
      6 4381
      3 4383
      1 4386
      2 4390
      1 4397
     10 4400
      2 4401
      1 4405
      6 4408
      1 4410
      3 4413
      4 4415
      1 4416
      3 4417
      2 4418
      2 4419
      1 4420
      6 4421
     12 4422
     30 4423
      3 4424
      3 4426
      2 4430
      1 4431
      2 4433
      1 4435
      2 4437
      5 4438
      3 4439
      2 4441
      8 4442
      4 4443
      1 4447
      1 4450
      3 4453
      3 4454
      4 4455
      2 4458
      1 4460
      1 4462
      3 4463
      1 4464
      1 4465
      4 4467
      2 4469
      3 4472
      1 4475
      1 4477
      8 4481
      2 4482
      3 4490
      3 4494
      1 4499
      3 4500
      3 4501
      1 4502
      2 4503
      1 4506
      2 4510
      2 4512
      1 4515
      1 4523
      1 4524
      2 4528
      1 4531
      3 4534
      3 4537
      1 4541
      1 4542
      1 4544
      1 4548
      1 4549
      1 4551
      1 4553
      1 4554
      2 4556
      1 4558
      2 4559
      3 4566
      1 4568
      1 4569
      1 4570
      1 4572
      2 4578
      2 4580
      2 4582
      2 4584
      1 4585
      5 4587
      2 4589
      6 4591
      1 4592
     12 4593
      1 4594
      2 4608
      1 4612
      2 4618
     15 4619
      3 4620
      4 4621
     11 4623
      1 4625
      8 4627
      7 4628
      4 4629
      1 4630
     11 4631
      1 4632
      1 4633
      2 4634
      1 4636
      4 4637
      2 4638
      4 4641
      4 4642
      5 4643
      4 4646
      3 4649
      3 4650
      7 4652
      5 4655
      4 4656
      1 4657
      2 4659
      8 4660
      9 4661
      1 4662
      2 4667
      2 4668
      7 4673
      1 4676
      1 4677
      1 4680
      1 4685
      1 4688
      5 4689
      1 4690
      1 4694
      1 4695
      1 4697
      2 4698
      3 4699
      1 4701
      1 4703
      2 4708
      1 4709
      1 4713
      1 4715
      1 4716
      1 4719
      4 4721
      3 4724
      3 4727
      1 4728
      1 4729
      1 4732
      1 4733
      1 4734
      1 4738
      3 4740
      4 4741
      7 4742
      5 4744
      2 4745
      4 4746
      4 4748
      2 4749
      1 4752
      3 4753
      1 4754
      5 4757
      1 4758
      1 4765
      3 4768
      7 4769
      3 4771
      1 4774
      1 4775
      1 4776
      4 4777
      4 4778
      4 4783
      1 4784
      1 4785
      2 4786
      4 4788
      1 4790
      3 4792
      2 4793
      3 4794
      6 4795
      2 4797
      6 4798
      1 4800
      5 4804
      4 4805
      2 4808
      5 4810
      2 4812
      1 4813
      2 4816
      3 4818
      1 4820
      3 4822
      3 4824
      2 4825
      1 4826
      1 4827
      2 4829
      1 4833
      6 4835
      3 4836
      1 4837
      4 4841
      2 4842
      2 4843
      1 4845
      2 4846
      2 4847
      1 4856
      1 4858
      2 4859
      1 4860
      1 4863
      2 4864
     14 4867
      2 4868
      2 4869
      4 4870
      3 4871
      4 4872
      6 4873
      2 4874
      2 4877
      1 4879
      1 4880
      1 4881
      8 4885
      2 4886
      4 4887
      1 4888
      3 4893
      1 4895
      5 4896
      4 4900
      1 4901
      3 4905
      1 4909
      1 4910
      1 4916
      1 4918
      2 4921
      1 4922
      1 4923
      3 4926
      1 4928
      1 4929
      6 4930
      2 4933
      1 4934
      1 4936
      2 4938
      1 4940
      1 4946
      5 4948
      1 4953
      3 4955
      2 4956
      1 4958
      2 4959
      1 4961
      1 4964
      2 4965
      2 4966
      2 4967
      2 4969
      1 4970
      3 4973
      1 4974
      3 4975
      1 4976
      1 4978
      4 4979
      1 4981
     24 4982
      1 4983
      1 4984
      2 4985
      1 4986
      1 4990
      1 4992
      1 4993
      1 4994
     10 4997
      2 5000
      2 5001
     17 5002
      2 5003
      6 5004
      2 5005
      1 5007
      3 5008
      1 5009
      1 5012
      1 5013
      3 5015
      6 5018
      2 5019
      1 5020
      4 5024
      2 5025
      2 5028
      3 5029
      2 5030
      3 5031
      1 5034
      1 5035
      4 5038
      1 5040
      2 5046
      1 5048
      2 5049
      2 5053
      1 5054
      3 5058
      1 5059
      4 5066
      6 5067
      3 5071
      1 5072
      3 5073
      1 5075
      1 5076
      1 5078
      1 5081
      6 5084
      2 5085
      1 5087
      1 5089
      1 5092
      4 5095
      1 5097
      3 5098
      5 5099
      1 5102
      1 5103
      1 5104
      1 5108
      6 5117
      3 5118
      3 5119
      1 5121
      1 5122
      2 5126
      1 5127
      7 5128
      2 5131
      1 5137
      1 5138
      1 5140
      1 5143
      3 5145
      1 5148
      1 5149
      1 5150
      2 5153
      1 5154
      1 5156
      1 5157
      1 5159
      1 5160
      1 5164
      4 5165
      2 5170
     10 5171
      1 5172
      1 5175
      2 5177
      1 5178
      2 5179
      2 5181
      4 5186
      1 5187
      2 5189
      1 5190
      1 5191
      1 5192
      7 5194
      2 5201
      1 5203
      2 5210
      1 5216
      6 5219
      2 5220
      9 5224
      5 5225
      1 5228
      1 5231
      3 5232
      1 5235
      2 5238
      2 5239
      2 5240
      2 5245
      4 5246
      6 5247
      6 5249
      4 5250
      2 5251
      4 5252
      2 5253
      5 5254
      7 5256
      3 5263
      1 5266
      2 5270
      2 5271
      5 5276
      1 5277
      1 5281
      2 5282
      2 5283
      3 5284
      2 5293
      1 5294
      1 5295
      2 5296
      2 5298
      1 5301
      2 5302
      2 5303
     22 5308
      2 5309
      1 5310
      3 5316
      3 5317
      2 5318
      1 5319
      1 5322
     11 5323
      1 5324
      1 5326
      9 5328
      8 5330
      1 5331
      3 5333
      2 5334
      2 5335
      1 5337
      4 5338
      4 5341
      1 5342
      1 5343
      1 5344
      4 5347
      1 5348
      1 5349
      1 5350
      1 5351
      2 5352
      3 5356
      4 5358
      1 5359
      6 5363
      1 5364
      1 5367
      1 5368
      1 5371
      1 5373
      1 5374
      2 5378
      2 5380
      2 5382
      1 5383
      5 5385
      7 5387
      2 5392
      4 5393
      1 5394
      7 5402
      1 5403
      1 5404
      2 5405
      2 5406
      1 5413
      1 5416
      3 5417
      5 5418
      2 5419
      1 5420
      1 5422
      7 5424
      1 5428
      4 5432
      1 5433
      1 5436
      3 5437
      2 5439
      1 5442
      2 5444
      1 5445
      1 5446
      1 5450
      1 5452
      3 5453
      3 5454
      1 5455
      1 5456
      3 5457
      1 5458
      5 5459
      2 5462
      1 5463
      1 5465
      2 5468
      2 5471
      1 5472
      1 5477
      5 5479
      3 5483
      3 5484
      1 5485
      2 5489
      2 5492
      1 5495
      4 5496
      2 5497
      5 5498
      6 5499
      1 5500
      1 5502
      2 5503
      1 5504
      3 5505
      2 5510
      2 5519
      2 5521
      1 5523
      2 5524
      2 5525
      2 5526
      2 5527
      4 5528
      8 5534
      1 5535
      1 5539
      1 5542
      4 5545
      2 5547
      1 5548
      3 5550
      7 5552
      1 5553
      1 5554
      3 5562
      2 5563
      2 5565
      2 5566
      1 5567
      6 5571
      1 5572
      1 5577
      1 5583
      1 5585
      1 5586
      2 5587
      1 5588
      1 5589
      2 5592
      1 5593
      8 5595
      2 5596
      1 5598
      2 5599
      2 5602
      3 5603
      1 5605
      5 5607
      4 5608
      2 5610
      1 5611
      1 5612
      3 5613
      7 5615
     10 5617
      1 5620
      5 5621
      2 5622
      1 5624
      1 5625
      2 5626
      3 5627
      1 5630
      2 5637
      2 5640
      4 5645
      1 5647
      1 5651
      3 5652
      1 5653
      5 5654
      1 5655
      1 5657
      3 5660
      1 5664
      1 5667
     10 5668
      1 5670
      2 5671
      1 5672
      1 5675
      6 5677
      1 5678
      2 5679
      1 5680
      1 5682
      2 5685
      1 5691
      1 5692
     14 5693
      5 5695
     16 5696
      1 5698
      4 5701
      1 5703
      1 5704
      2 5705
      2 5706
      1 5708
      1 5710
      1 5712
      2 5715
      1 5716
      1 5719
      1 5721
      1 5722
      6 5723
      1 5724
     10 5725
      3 5728
      4 5729
      3 5731
      1 5732
      6 5736
      1 5737
      6 5738
      6 5739
      1 5740
      1 5743
      1 5745
      4 5747
      1 5750
      2 5751
      1 5752
      1 5753
      1 5754
      3 5755
      2 5756
      1 5757
      1 5759
      1 5765
      1 5766
      2 5767
      1 5769
      3 5770
      2 5771
      2 5772
      2 5773
      2 5774
      1 5775
      2 5779
      2 5780
      1 5781
      1 5782
      1 5784
      2 5785
      8 5788
      3 5789
      2 5790
      1 5791
      1 5792
      2 5794
      5 5798
      5 5800
      1 5804
      2 5810
      1 5812
      3 5814
      1 5815
      2 5816
      1 5817
      1 5818
      1 5820
      1 5821
      1 5822
      5 5824
      2 5830
      4 5831
      1 5833
      5 5834
      1 5835
      2 5844
      1 5850
      1 5852
      3 5855
      2 5856
      1 5858
     10 5860
      2 5861
      4 5862
      2 5863
      1 5864
      1 5865
      1 5866
      3 5868
      3 5869
      2 5872
      2 5874
      5 5881
      2 5884
      1 5885
      1 5886
      1 5890
      1 5893
      4 5894
      1 5896
      2 5900
      1 5903
      1 5905
      1 5908
      6 5909
      7 5911
      5 5912
      2 5913
      1 5915
      4 5916
      1 5917
      1 5921
      2 5922
      2 5926
      2 5927
      1 5929
      2 5930
      2 5932
      5 5933
      2 5934
      1 5935
      5 5936
      5 5938
      3 5939
      2 5940
      1 5946
      2 5947
      1 5949
      1 5950
      2 5954
      1 5961
      1 5962
      2 5963
      4 5967
      1 5971
      3 5972
      1 5973
      2 5975
      2 5977
      1 5978
      2 5979
      1 5980
      1 5981
      3 5982
      3 5984
      1 5985
      2 5986
      3 5987
      1 5989
      1 5990
      1 5991
      1 5992
      1 5994
      1 5995
      2 5997
      2 5998
      2 5999
      9 6000
      2 6001
      2 6002
      1 6005
      1 6006
      2 6008
      1 6009
      1 6011
      2 6012
      4 6013
      1 6017
      4 6019
      1 6020
      2 6021
      2 6023
      1 6024
      1 6025
      1 6026
      1 6027
      2 6028
      9 6031
      2 6032
      2 6033
      4 6035
      1 6036
      1 6038
      2 6039
      2 6041
      1 6042
      2 6044
      9 6047
      1 6048
      1 6054
      1 6057
      1 6064
      1 6065
      5 6068
      2 6069
      2 6072
      1 6075
      1 6077
      3 6081
      1 6083
      1 6084
      1 6085
      3 6086
      3 6087
      2 6089
      1 6093
      1 6096
      1 6098
      1 6102
      1 6104
      1 6109
      3 6111
      2 6113
      4 6114
      1 6115
      1 6116
      6 6119
      2 6121
      3 6122
      1 6125
      6 6130
      1 6133
      1 6134
      1 6137
      1 6139
      1 6141
      2 6143
      1 6145
      1 6148
      2 6150
      1 6153
      2 6154
      1 6156
      1 6157
      3 6159
      3 6160
      1 6162
      3 6163
      1 6164
      6 6165
      3 6166
      1 6169
      1 6170
      2 6171
      4 6173
      1 6176
      2 6177
      2 6178
      1 6182
      1 6183
      1 6184
      1 6187
      2 6194
      3 6195
      1 6196
      2 6197
      3 6198
      1 6200
      3 6202
      1 6203
      3 6204
      2 6205
      4 6209
      3 6211
      1 6212
      1 6218
      1 6219
      1 6222
      2 6223
      7 6225
      2 6228
      1 6229
      1 6230
      2 6232
      2 6233
      1 6234
      1 6235
      1 6238
      2 6240
      2 6241
      2 6242
      2 6243
      1 6244
      1 6245
      1 6246
      1 6247
      1 6248
      1 6249
      1 6250
      2 6253
      4 6257
      1 6259
      1 6260
      2 6261
      3 6262
      2 6265
      2 6268
      1 6270
      2 6271
      1 6272
      5 6280
      2 6281
      1 6282
      1 6290
      2 6299
      1 6300
      1 6301
      4 6302
      1 6303
      2 6304
      1 6309
      8 6311
      2 6312
      1 6314
      4 6315
      1 6319
      3 6324
      5 6326
      3 6335
      1 6336
     11 6339
     13 6340
      2 6341
      1 6346
      1 6355
      2 6358
      1 6359
      4 6360
      1 6365
      1 6366
      1 6369
      1 6370
      3 6371
      1 6372
      2 6375
      2 6379
      3 6381
      3 6382
      3 6383
      1 6387
      1 6388
      1 6389
      2 6390
      1 6391
      2 6392
      1 6395
      2 6396
      6 6397
      1 6398
      2 6401
      2 6405
      1 6408
     10 6410
      3 6411
      1 6412
      5 6413
      1 6414
      1 6415
      7 6417
      2 6419
      2 6425
      1 6428
      4 6430
      1 6433
      1 6437
      5 6440
     17 6441
      2 6442
      2 6443
     13 6444
      4 6445
      8 6446
      4 6447
      7 6448
      1 6449
      4 6450
      2 6452
      1 6453
      1 6454
      6 6455
      3 6456
      1 6457
      2 6459
      3 6462
      2 6463
      6 6468
      2 6472
      2 6473
      2 6474
      1 6477
      1 6478
      1 6479
      1 6482
      1 6483
     24 6484
      2 6494
      2 6495
      3 6499
      3 6503
      2 6504
      6 6507
      4 6509
      3 6510
      8 6511
      1 6513
      2 6514
      2 6516
      7 6517
      1 6520
      4 6522
      9 6523
      7 6525
      1 6529
      1 6534
      4 6539
      2 6542
      1 6543
      2 6550
      1 6554
      1 6555
      4 6556
      2 6559
      1 6560
      1 6561
      5 6562
      5 6563
      1 6565
      1 6567
      4 6572
     10 6576
      2 6577
      1 6580
      4 6581
      1 6583
      2 6584
      3 6585
      1 6587
      6 6588
      2 6590
      1 6593
      1 6597
      1 6600
      1 6601
      2 6605
      1 6608
      2 6612
      1 6616
      1 6617
      7 6619
      3 6620
      1 6621
      4 6624
      2 6632
      2 6634
      1 6637
      2 6639
      1 6640
      2 6641
      2 6643
      1 6645
      2 6647
      8 6649
      2 6650
      3 6651
      2 6657
      1 6658
     13 6659
      1 6664
      1 6665
      1 6666
      1 6667
      1 6668
      1 6669
      3 6671
      2 6675
      1 6677
      2 6680
      7 6682
      2 6684
      5 6686
      9 6687
      2 6689
      1 6690
      1 6691
      1 6692
      2 6694
      6 6696
      1 6700
      3 6702
      4 6705
      2 6710
      1 6711
      1 6713
      1 6725
      2 6726
      6 6727
      4 6732
      1 6733
      3 6735
      1 6736
      1 6739
      1 6746
      1 6747
      1 6748
     10 6751
      1 6754
      1 6756
      2 6757
      1 6761
      1 6764
      2 6765
      1 6766
      3 6771
      1 6775
      3 6777
      1 6781
      2 6782
      1 6783
      1 6785
      1 6788
      1 6792
      1 6794
      1 6796
      4 6797
      2 6798
      1 6800
      1 6802
      1 6805
      1 6806
      1 6807
      9 6811
      3 6812
      1 6813
      2 6814
      4 6815
      1 6816
      3 6817
      1 6818
      4 6820
      1 6821
      2 6824
      1 6826
      1 6829
      1 6830
      2 6832
      2 6835
      2 6837
      2 6838
      4 6839
      5 6840
      5 6841
      6 6842
      5 6843
     11 6845
      7 6846
     10 6848
      2 6849
      2 6850
      5 6851
      1 6852
      2 6854
      1 6858
      2 6860
      3 6861
      1 6862
      1 6866
      1 6869
      1 6873
      1 6875
      2 6876
      1 6879
      1 6881
      4 6882
      1 6884
      2 6886
      3 6887
      3 6889
      1 6890
      1 6891
      3 6895
      3 6896
      1 6898
      1 6899
      1 6900
      1 6901
      2 6902
      1 6907
      2 6910
      1 6911
      4 6912
      2 6916
      7 6918
      2 6921
      2 6923
      2 6924
      1 6925
      1 6926
      1 6927
      3 6928
      7 6929
      2 6931
      4 6932
      1 6934
      3 6935
      2 6936
      3 6937
      1 6940
      1 6941
      1 6942
      1 6945
      1 6946
      5 6947
      4 6948
      5 6949
      1 6950
      1 6951
      1 6953
      4 6957
      1 6958
      1 6959
      2 6961
      1 6965
      1 6981
      2 6982
     20 6983
      1 6984
      5 6986
      1 6987
      2 6988
      1 6989
      1 6990
      1 6991
      1 6993
      1 6994
      1 6995
      9 7000
      1 7005
      2 7006
      3 7007
      2 7008
      2 7010
      5 7015
      2 7016
      3 7017
      4 7018
      1 7021
      3 7022
      1 7024
      1 7028
      3 7029
      1 7030
      1 7032
      2 7035
      1 7036
      4 7037
      1 7038
      2 7039
      3 7041
      3 7043
      3 7046
      2 7049
      3 7052
      3 7053
      2 7056
      1 7058
      1 7059
      1 7060
      1 7062
      3 7063
      3 7065
      1 7071
      5 7072
      1 7075
      6 7077
      2 7078
      3 7080
      2 7081
      4 7083
      1 7085
      2 7086
      1 7087
      1 7089
      2 7090
      1 7098
      1 7099
      2 7101
      1 7102
      1 7104
      3 7106
      1 7107
      5 7110
      4 7112
      1 7113
      2 7115
      2 7116
      1 7121
      2 7124
      1 7130
      1 7131
      1 7134
      3 7136
      1 7137
      1 7144
      4 7147
      2 7154
      2 7156
      3 7157
      1 7160
      2 7161
      2 7162
      2 7163
      1 7167
      1 7168
      2 7169
      3 7171
      1 7173
      5 7174
      2 7175
      1 7183
      1 7184
      3 7186
      7 7187
      1 7188
      2 7190
      2 7192
      2 7194
      3 7195
      7 7196
      1 7197
      2 7198
      3 7203
      2 7204
      2 7205
      9 7206
      2 7207
      1 7211
      1 7212
      2 7214
      1 7216
      1 7217
      4 7219
      1 7223
      3 7226
      1 7227
      1 7230
      1 7232
      5 7233
      5 7236
      1 7238
      3 7239
      1 7240
      1 7241
      3 7242
      3 7243
      3 7246
      1 7247
      2 7249
      2 7252
      2 7253
      1 7254
      4 7255
      2 7256
      1 7258
      2 7259
      1 7263
      1 7264
      1 7265
      1 7268
      1 7270
      1 7271
      5 7279
      2 7280
      5 7281
      1 7282
      1 7284
      1 7285
      2 7288
      1 7289
      1 7290
      4 7291
      3 7294
      2 7297
      9 7299
     28 7300
      1 7301
      6 7302
      5 7304
      8 7306
      1 7309
      2 7312
      1 7313
      1 7314
      2 7315
      3 7317
      1 7318
      2 7321
      2 7322
      3 7323
      2 7324
      2 7326
      1 7327
      2 7329
      1 7331
      4 7334
      2 7335
      1 7336
      2 7339
      1 7342
      7 7343
      2 7344
      2 7345
      1 7346
      3 7348
      7 7352
      1 7353
      1 7357
     10 7358
      3 7359
      2 7360
      5 7362
      1 7364
      1 7367
      3 7368
      3 7373
      3 7375
      2 7381
      1 7382
     26 7383
      6 7384
      4 7385
      4 7386
      4 7388
      1 7389
      1 7392
      1 7394
      1 7395
      1 7397
      1 7399
      1 7401
      3 7402
      1 7403
      1 7405
      1 7416
      1 7420
      3 7423
      2 7425
      7 7426
      2 7427
      1 7428
      4 7432
      3 7433
      2 7434
      5 7435
      1 7438
      3 7439
      1 7440
      2 7443
      4 7446
      1 7448
      5 7449
      2 7450
      2 7451
     10 7454
      1 7455
      3 7456
      3 7457
      2 7459
      3 7462
      2 7466
      2 7467
      1 7469
      1 7470
      4 7471
      2 7473
      3 7474
      7 7476
      3 7479
      2 7480
      1 7485
      5 7487
      6 7489
      1 7490
      5 7491
      1 7492
      1 7493
      1 7494
      1 7498
      4 7500
      1 7504
      3 7505
      3 7509
      3 7510
      3 7512
      1 7518
      1 7522
      1 7529
      1 7530
      6 7531
      1 7532
      1 7538
      2 7540
      1 7547
      1 7548
      1 7552
      1 7553
      1 7554
      2 7558
      1 7559
      1 7560
      1 7561
      2 7564
      1 7574
      6 7576
      1 7577
      3 7579
      1 7580
      1 7581
      7 7582
      9 7583
      1 7584
      2 7585
      2 7587
      1 7589
      2 7591
      4 7592
      5 7594
      1 7596
      2 7599
      2 7600
      4 7601
      1 7602
      5 7607
      3 7610
      4 7612
      6 7613
      1 7614
     11 7616
      1 7617
      3 7619
      1 7620
      2 7621
      1 7625
      1 7629
      1 7633
      1 7634
      1 7635
      1 7637
      1 7638
      1 7640
      1 7642
      1 7645
      2 7646
      1 7649
      5 7653
      3 7654
      1 7656
      1 7660
      5 7661
     11 7662
      1 7665
      1 7667
      1 7669
      1 7671
      4 7676
      3 7678
      1 7679
      1 7680
      1 7681
      1 7682
      1 7683
      1 7685
      1 7687
      1 7689
      2 7690
      2 7691
      2 7692
      1 7693
      1 7694
      3 7697
      1 7699
      6 7701
      1 7704
      2 7706
     19 7707
      6 7708
      1 7711
      6 7712
      1 7717
      7 7719
      3 7721
      3 7724
      1 7725
      1 7726
      3 7732
      1 7733
      1 7736
      1 7738
      1 7739
      2 7740
      1 7741
      2 7744
      1 7745
      2 7752
      2 7753
      2 7755
      2 7757
      1 7758
      2 7760
      3 7761
      1 7762
      1 7763
      3 7764
      2 7765
      3 7766
      2 7767
      1 7771
      1 7773
      1 7774
      1 7775
      1 7779
      1 7781
      1 7786
      1 7787
      4 7788
      2 7789
      3 7792
      2 7793
      2 7794
      2 7795
      2 7796
      1 7797
      1 7800
      1 7803
      2 7804
      1 7808
      1 7810
      1 7812
      2 7813
      3 7814
      5 7816
      1 7817
      2 7818
      3 7819
      1 7820
      1 7821
      1 7826
      2 7827
      1 7830
      1 7832
      1 7836
      1 7837
      1 7838
      2 7840
      1 7845
      7 7846
      1 7848
      1 7849
      1 7850
      1 7851
      1 7852
      3 7854
      1 7857
      2 7858
      6 7859
      3 7862
      1 7863
      1 7864
      2 7865
      2 7867
      1 7868
      1 7869
      1 7871
      2 7874
      6 7875
      1 7876
      2 7879
     19 7881
      1 7882
      6 7883
      3 7885
     10 7886
      1 7887
      1 7888
      1 7890
      1 7892
      2 7895
      2 7896
      2 7897
      1 7898
      1 7900
      1 7901
      1 7906
      1 7909
      1 7911
      3 7912
      5 7913
      4 7914
      2 7915
      1 7916
     10 7920
      8 7921
      1 7922
      1 7923
     12 7927
      3 7930
      3 7931
      5 7932
      1 7935
     35 7936
     13 7937
      6 7938
      4 7940
      1 7941
      7 7942
      8 7943
      6 7944
      6 7945
      1 7946
      1 7948
      1 7949
     26 7951
      1 7952
      1 7953
      1 7955
     12 7956
      1 7957
      2 7964
      1 7966
      1 7969
      9 7971
      1 7974
      7 7975
      1 7976
      1 7977
      1 7978
      1 7979
      1 7980
      1 7981
      1 7982
      1 7983
      1 7985
      3 7988
      8 7996
      3 7997
      3 7999
      1 8004
      2 8006
      4 8007
      3 8008
      3 8009
      2 8013
      1 8021
      3 8022
      2 8024
      2 8025
      1 8028
      1 8029
      1 8032
      1 8035
      2 8038
      4 8039
      3 8046
     11 8050
      1 8051
      4 8052
      1 8054
     11 8055
     17 8057
      1 8058
     13 8059
     19 8060
     14 8061
      5 8062
      1 8063
      4 8064
      2 8065
      1 8068
      1 8071
      1 8073
      1 8074
      1 8075
      6 8078
      2 8080
      1 8081
      2 8084
      3 8085
      3 8092
      3 8096
      1 8097
      1 8099
      1 8101
      3 8102
      9 8103
     10 8106
      1 8109
      1 8110
      1 8111
      2 8114
      2 8115
      2 8116
      4 8118
      1 8121
      9 8122
      1 8123
      1 8125
      1 8126
      2 8129
      1 8138
     26 8143
      4 8144
      1 8145
      1 8147
      3 8148
     11 8153
      2 8155
      1 8156
      6 8157
      2 8159
      2 8161
      2 8162
      1 8168
      1 8171
      1 8173
      1 8175
      5 8180
      1 8181
      1 8182
      1 8184
      1 8185
      1 8187
      1 8189
      1 8195
      2 8196
      1 8198
      1 8200
      1 8201
      3 8204
      1 8205
      3 8210
      1 8211
      1 8212
      1 8214
      1 8216
      1 8217
      1 8218
      1 8227
      2 8228
      2 8229
      1 8230
      2 8232
      1 8238
      1 8242
      1 8250
      1 8254
      3 8260
      1 8261
      9 8266
      2 8267
      3 8268
      3 8269
      1 8271
      1 8272
      2 8274
      6 8275
      3 8276
      2 8277
      1 8282
      2 8284
      2 8290
      2 8292
      5 8293
      2 8296
      1 8312
      2 8313
      1 8316
      1 8317
      1 8321
      1 8323
      2 8328
      1 8329
      1 8331
      2 8332
     12 8334
      3 8335
      1 8336
      2 8338
      1 8343
      1 8350
      1 8359
      2 8360
      3 8362
      1 8364
      1 8366
      3 8368
      1 8370
      3 8371
      5 8375
      4 8376
      1 8377
      1 8379
      1 8380
      3 8381
      4 8382
      2 8383
      1 8385
      3 8387
      1 8388
      7 8389
      2 8391
      2 8394
      4 8395
      1 8403
      1 8407
      2 8410
      1 8412
      1 8413
      2 8414
      2 8416
      1 8418
      3 8421
     12 8422
      1 8423
      1 8424
      6 8425
      2 8426
      2 8428
     11 8429
      2 8430
      2 8431
      4 8432
     12 8433
      5 8434
      2 8435
      2 8439
      1 8440
      6 8447
      5 8448
      4 8450
      2 8451
      4 8452
     34 8453
      2 8456
      3 8457
      4 8458
      2 8459
      1 8461
      1 8463
      2 8465
      2 8466
      6 8467
      4 8468
      3 8471
      3 8473
      1 8475
      2 8477
      2 8482
      2 8484
      1 8488
      2 8489
      2 8490
      8 8491
      7 8492
      1 8495
      1 8498
      2 8499
      1 8505
      3 8506
      1 8508
      2 8510
      6 8511
      1 8512
      2 8513
      1 8514
      1 8521
      2 8523
      3 8526
      4 8528
      3 8530
      3 8531
      4 8534
      1 8536
      1 8538
      1 8542
      4 8543
      1 8544
      2 8547
      1 8551
      1 8553
      1 8555
      1 8558
      1 8559
      1 8560
      1 8562
      1 8564
      5 8565
      1 8567
      2 8568
      3 8569
      1 8570
      1 8572
      4 8573
      2 8574
      1 8576
      1 8578
      1 8583
      2 8584
      1 8585
      1 8586
      1 8587
      2 8589
      6 8590
      1 8592
      1 8594
      3 8595
     14 8596
      4 8602
      1 8603
      1 8607
      2 8610
      7 8612
      1 8613
      1 8616
      1 8617
      6 8618
      3 8619
      1 8620
      5 8622
      1 8625
      1 8629
      1 8636
      1 8637
      1 8640
      4 8641
      1 8642
      1 8646
      1 8649
      1 8655
      1 8662
      4 8663
      4 8664
      4 8665
      1 8666
      1 8669
      2 8672
      2 8673
      3 8676
      1 8677
      1 8680
      1 8681
      7 8685
     11 8687
      1 8689
      1 8691
      1 8692
      3 8694
      2 8695
      1 8696
      1 8698
      6 8699
      8 8700
      1 8701
      1 8703
      2 8704
      1 8705
      3 8706
      5 8709
      2 8710
      3 8713
     10 8715
      1 8717
      1 8718
      3 8720
      3 8722
      2 8723
      2 8724
      2 8725
      1 8729
      3 8731
      1 8735
      1 8738
      2 8740
      4 8743
      1 8747
      1 8754
      1 8760
      6 8764
      1 8765
      1 8766
      2 8770
      1 8775
      3 8776
      2 8777
      1 8779
      1 8780
      1 8781
      1 8783
      1 8785
      1 8786
      1 8787
      1 8788
      1 8789
      2 8790
      1 8791
      2 8792
      1 8795
      6 8797
      3 8799
      2 8801
      3 8802
     10 8807
      2 8808
      2 8809
      1 8813
      2 8814
      6 8815
      1 8817
      1 8822
      1 8823
      2 8824
      2 8825
      1 8826
      2 8828
      1 8831
      1 8834
      4 8835
      1 8837
      1 8838
      1 8845
      1 8846
      3 8848
      3 8852
      4 8853
      3 8855
      1 8860
      7 8861
      2 8862
      3 8864
      4 8865
      1 8867
     11 8868
      6 8869
      7 8870
      1 8872
      3 8873
      3 8874
      1 8875
      1 8879
      3 8880
      3 8881
      1 8882
      1 8884
      8 8885
      1 8886
      2 8890
      1 8893
      2 8899
      2 8900
      2 8901
      2 8904
      2 8905
      1 8906
      4 8907
      3 8908
      1 8909
     11 8910
      8 8911
      8 8912
      1 8914
      8 8915
     10 8916
      9 8917
      7 8918
      9 8919
      7 8920
      7 8921
      6 8922
      1 8923
      7 8925
      3 8926
      3 8927
      3 8928
      4 8929
      4 8930
      6 8932
      5 8933
      1 8934
      6 8935
      4 8937
      3 8941
      2 8942
      5 8946
      1 8948
      1 8950
      3 8951
      1 8953
      2 8955
      1 8957
      1 8958
      1 8960
      1 8961
      4 8962
      3 8963
      2 8966
      1 8968
      1 8969
      1 8976
      3 8978
      4 8982
      3 8988
      1 8989
      2 8991
      3 8992
      1 8996
      1 9000
      1 9001
      3 9004
      3 9005
      4 9008
      2 9010
      2 9011
      2 9013
      1 9014
      1 9015
      1 9016
      7 9017
      2 9020
      2 9022
      1 9025
      1 9026
      1 9027
      1 9029
      1 9031
      4 9035
      7 9040
      1 9041
      3 9042
      1 9044
      1 9045
      5 9046
      1 9048
      2 9050
      3 9053
      1 9055
      3 9056
      1 9062
      3 9063
     10 9064
      1 9070
      1 9072
      6 9073
      1 9074
      2 9075
      1 9076
      4 9078
      1 9079
      5 9080
      2 9083
      1 9088
      2 9089
      1 9090
      1 9091
      1 9096
      1 9097
      1 9098
      1 9099
      4 9100
      2 9102
      1 9103
      3 9104
      1 9105
      6 9106
      6 9109
      2 9110
      2 9112
      1 9113
      1 9114
      1 9116
      1 9119
      1 9122
      3 9125
      4 9126
      4 9127
      1 9128
      5 9133
      2 9134
      2 9135
      2 9137
      1 9138
      4 9140
      3 9141
      1 9142
      5 9143
      1 9144
      1 9146
      2 9148
      2 9152
      1 9153
      1 9154
      1 9156
      1 9157
      3 9158
      1 9159
      7 9161
     14 9162
      1 9163
      5 9164
      1 9167
      1 9168
      2 9171
      1 9172
      1 9173
      9 9174
      2 9175
      2 9176
      1 9179
      5 9183
      1 9188
      2 9189
      3 9191
      3 9194
      2 9196
      1 9199
      1 9200
      2 9202
      8 9205
      1 9208
      3 9209
      2 9212
      3 9214
      5 9216
      3 9217
      1 9219
      3 9221
      2 9223
      8 9224
      1 9227
      1 9229
      2 9230
      1 9231
      6 9232
      1 9233
      1 9234
      1 9235
      5 9236
      1 9238
      1 9239
      6 9240
      3 9241
      1 9244
      1 9248
      3 9250
      2 9251
      2 9253
      4 9254
      9 9255
      4 9256
      1 9258
      2 9259
      4 9261
      1 9266
      1 9267
      1 9268
      1 9269
      5 9270
      1 9271
      2 9273
      2 9274
      3 9277
      2 9278
      1 9279
      1 9281
      3 9282
      1 9284
      1 9287
      1 9288
      1 9290
      1 9291
      1 9293
      3 9294
      1 9295
      1 9296
     10 9300
      4 9302
      1 9304
      1 9305
      1 9308
      1 9310
      2 9312
      1 9313
      4 9314
      1 9315
      2 9317
      2 9318
      1 9319
      1 9320
      3 9321
      5 9322
      5 9323
      3 9325
      1 9326
      1 9327
      1 9334
      2 9335
      2 9337
      3 9341
      2 9342
      3 9343
      4 9345
      1 9346
      4 9349
      5 9354
      4 9355
      2 9356
      2 9357
      4 9359
      1 9360
      4 9361
      2 9362
      6 9363
      1 9364
      1 9365
      1 9366
      3 9367
      1 9369
      1 9373
      2 9375
      1 9376
      2 9379
      1 9380
      1 9381
      3 9387
      7 9389
      1 9394
      1 9397
      1 9398
      3 9399
      1 9400
      2 9403
      1 9405
      1 9406
      2 9407
      1 9408
      5 9409
      2 9410
      2 9411
      1 9418
      1 9420
      3 9422
      1 9424
      4 9427
      1 9428
      7 9429
      1 9432
      1 9434
      2 9435
     10 9437
      5 9438
      1 9439
      2 9442
      2 9443
      2 9444
      2 9449
      9 9450
      1 9451
      1 9456
      1 9460
      1 9462
      3 9464
      2 9465
      9 9466
      2 9468
      1 9469
      3 9470
      3 9471
      1 9472
      1 9473
      1 9474
      5 9476
     12 9477
      1 9481
      1 9485
      3 9487
      2 9489
      1 9494
      2 9497
      1 9498
      2 9499
      1 9501
      1 9503
      2 9504
      1 9508
      2 9510
      1 9511
      2 9512
      7 9513
      2 9515
      2 9518
      1 9520
      3 9523
      1 9526
      1 9527
      2 9528
      2 9530
      2 9531
      2 9535
      1 9537
      1 9539
      1 9540
      2 9541
      3 9542
      6 9543
     11 9544
      8 9545
      7 9546
      1 9547
      5 9548
      1 9550
      1 9552
      3 9555
      4 9558
      3 9563
      1 9565
      1 9568
      1 9570
      1 9572
      1 9577
      1 9582
      2 9583
      1 9584
      1 9585
      3 9591
      3 9595
      1 9597
      6 9598
      1 9599
      3 9600
      5 9602
      1 9603
      1 9606
      3 9610
      8 9612
      2 9613
      1 9614
      2 9615
      1 9616
      1 9617
      2 9618
      2 9620
      1 9623
      1 9627
      1 9628
      1 9629
      1 9630
      1 9631
      5 9632
      1 9633
      2 9635
      4 9636
      1 9637
      2 9641
      2 9643
      1 9644
      1 9649
      2 9650
      1 9652
      2 9653
      4 9654
      4 9655
      1 9664
      3 9666
      1 9669
      3 9670
      2 9671
      1 9673
      3 9674
     13 9675
      1 9677
      2 9678
     17 9679
      1 9681
      2 9682
      1 9683
      2 9687
      2 9689
      1 9691
      1 9694
      2 9696
      1 9700
      1 9701
      1 9704
      2 9707
      1 9709
      1 9711
      1 9716
      2 9718
      2 9719
      1 9720
      1 9723
      1 9727
      2 9729
      1 9730
      1 9735
      1 9736
      1 9739
      1 9741
      3 9742
      1 9743
      1 9747
      2 9748
      3 9750
      3 9752
     12 9753
      2 9754
      1 9755
      1 9756
      1 9758
      2 9760
      1 9761
      6 9762
      1 9763
      1 9764
      1 9766
      4 9768
      1 9771
      1 9772
      1 9774
      1 9775
      4 9777
      2 9778
      2 9781
      1 9782
      1 9785
      4 9787
      4 9788
      6 9789
      3 9790
      1 9805
      1 9806
      1 9809
      1 9811
      2 9812
      1 9814
      1 9815
      2 9816
      2 9817
      1 9819
      3 9820
      1 9821
      1 9823
      2 9826
     10 9827
     10 9828
     14 9829
      9 9830
     35 9832
      1 9833
      3 9834
      1 9835
      1 9837
      3 9838
     14 9840
     19 9842
     29 9843
      1 9844
      5 9845
      1 9846
      6 9847
      6 9850
      4 9852
      6 9853
     11 9855
      1 9856
      7 9857
      4 9858
      1 9861
      2 9862
      5 9863
      1 9864
      2 9866
      7 9867
      1 9870
      1 9873
      1 9877
      1 9885
      1 9886
      4 9887
      1 9892
      1 9894
      2 9895
      4 9897
      1 9902
      1 9904
      2 9905
      2 9906
      2 9908
      3 9909
      3 9911
      5 9912
      1 9913
      1 9914
      1 9916
      2 9925
      3 9928
      1 9930
      6 9932
      4 9935
     29 9938
      1 9940
      1 9942
      4 9944
      1 9950
      1 9951
      1 9953
      6 9956
      3 9962
      1 9963
      4 9966
      6 9969
      9 9971
      1 9973
      1 9974
      3 9978
      4 9979
      2 9980
      4 9981
      3 9982
      2 9984
      1 9985
      4 9987
      1 9988
      1 9989
      1 9993
      3 9995
      3 9997
      4 9998
      1 9999
      1 10001
      2 10002
     10 10004
      3 10006
      1 10011
      1 10012
      2 10017
      2 10019
      1 10021
      3 10027
      1 10028
      4 10029
     12 10030
      3 10031
      3 10035
      2 10037
      1 10039
      1 10040
      1 10046
      1 10047
      5 10048
      4 10052
      4 10053
      2 10054
      1 10057
      2 10060
      3 10065
      6 10066
      1 10067
      2 10072
     27 10077
      1 10078
      1 10080
      1 10084
      1 10085
      1 10089
      2 10091
      2 10092
      4 10095
      1 10096
      5 10097
      1 10098
      4 10099
     10 10100
      1 10102
      1 10104
      7 10107
      1 10110
      4 10111
      1 10114
      2 10117
      7 10120
      3 10121
      5 10122
      1 10124
      2 10126
      3 10128
      2 10129
      1 10131
      2 10133
      2 10134
      4 10137
      1 10138
      1 10139
      1 10141
      2 10145
      2 10147
      4 10148
      1 10151
      1 10152
      1 10154
      1 10156
      1 10157
      1 10161
      1 10162
      1 10167
      2 10169
      1 10170
      2 10172
      1 10176
      3 10178
      6 10180
      1 10181
      9 10182
      4 10184
      4 10185
      2 10187
     10 10188
     12 10189
      1 10190
      1 10191
      3 10192
      2 10193
      2 10194
      3 10195
      1 10196
     11 10197
      1 10198
     10 10200
      3 10201
      1 10202
      1 10204
      2 10205
      1 10209
      1 10210
      2 10211
      1 10212
      8 10213
      4 10214
      3 10215
      2 10217
      2 10219
      4 10220
      2 10221
      1 10222
      1 10226
      1 10227
     10 10232
      3 10233
      2 10234
      3 10237
      2 10238
      5 10241
      1 10243
      1 10246
      1 10248
      1 10249
      1 10250
      1 10253
      1 10254
      1 10255
      2 10256
      7 10257
      1 10261
      1 10262
      3 10263
      9 10264
      5 10265
      2 10267
      6 10268
      1 10269
      1 10273
      2 10275
      8 10276
      1 10277
      1 10278
      3 10279
      3 10280
      1 10282
      4 10287
      2 10298
      1 10299
      5 10300
      4 10301
      1 10302
      2 10303
      4 10304
      1 10307
      1 10308
      3 10310
      3 10311
      5 10318
      1 10321
      4 10322
      3 10323
      4 10325
      2 10326
      3 10327
      1 10328
      4 10329
      1 10330
      2 10331
      1 10335
      4 10338
      1 10339
      7 10341
      4 10343
      1 10345
      3 10346
      1 10348
      2 10349
      2 10354
      1 10355
      1 10357
      2 10358
      2 10359
      1 10360
      3 10362
      3 10363
      2 10366
      6 10369
      1 10371
      2 10372
      1 10374
      2 10376
      5 10377
      2 10378
      1 10379
      1 10383
      1 10384
      1 10385
      3 10389
      2 10391
      2 10394
      1 10395
      6 10396
      1 10397
      1 10400
      1 10402
      1 10404
      6 10405
      1 10406
      2 10411
      2 10412
      1 10418
      1 10422
      1 10424
      1 10427
      2 10428
      2 10430
      2 10437
      4 10440
      1 10447
      2 10452
      1 10453
      5 10457
      3 10458
      2 10459
      3 10460
      1 10461
      1 10462
      1 10463
      1 10464
     10 10466
     11 10467
      4 10468
      5 10469
      4 10470
      5 10472
      2 10474
      1 10475
      1 10476
      4 10481
      1 10483
      7 10484
      2 10487
      1 10489
      2 10491
      1 10493
      3 10494
      1 10495
      1 10496
      3 10497
      4 10502
      1 10506
      1 10509
      1 10510
      2 10511
      1 10513
      7 10515
      5 10517
      4 10519
      6 10520
      1 10521
      1 10525
      2 10526
      1 10527
      2 10528
      7 10529
      7 10530
      3 10532
      1 10537
      2 10538
      3 10539
      1 10540
      1 10549
      1 10550
      4 10552
      4 10554
      1 10556
      1 10557
      1 10559
      3 10561
      1 10565
      7 10572
      1 10573
      1 10574
      2 10576
      3 10580
      2 10581
      2 10582
      2 10583
      2 10584
      2 10585
      2 10586
      2 10587
      2 10588
      1 10589
      1 10590
      2 10591
      2 10592
      2 10593
      6 10594
      3 10595
      1 10596
      7 10601
      3 10603
      1 10604
      1 10609
      1 10610
      4 10612
      1 10613
      1 10614
      1 10615
      1 10619
      1 10621
      1 10623
      2 10624
      1 10626
      1 10628
      1 10629
      3 10631
      1 10632
      2 10636
      1 10637
      6 10646
      1 10647
      2 10648
     10 10654
      1 10661
      5 10662
      3 10663
      1 10667
      2 10671
      1 10672
      2 10676
      1 10685
      3 10689
      1 10692
      1 10693
      1 10698
      2 10704
      1 10705
      2 10707
      1 10709
      1 10716
      1 10720
      1 10723
      2 10726
      1 10727
      1 10730
      2 10733
      1 10739
      1 10744
      1 10754
      1 10755
      9 10762
      3 10768
      2 10770
      1 10776
      1 10789
      5 10802
      1 10804
      1 10805
      1 10806
      1 10809
      1 10810
      1 10811
      2 10813
      1 10817
      1 10819
      1 10823
      1 10826
      1 10828
      1 10831
      2 10834
      1 10835
      1 10836
      1 10840
      2 10841
      1 10844
      2 10847
      2 10853
      9 10854
     11 10855
      2 10857
      1 10858
      1 10862
      7 10864
      3 10865
      1 10867
      2 10869
      2 10872
      1 10876
      1 10882
      1 10883
      1 10885
      4 10886
      1 10888
      1 10891
      1 10893
      1 10894
      2 10895
      1 10897
      1 10901
      1 10902
      2 10907
      1 10908
      1 10915
      1 10917
     13 10918
      2 10919
      2 10923
      1 10925
      2 10930
      1 10933
      1 10934
      1 10935
      3 10936
      2 10937
      1 10938
      1 10939
      2 10941
      3 10942
      2 10943
      1 10944
      2 10950
      1 10954
      2 10956
      1 10957
      1 10962
      1 10963
      1 10966
      1 10967
      1 10970
      1 10972
      1 10980
      1 10981
      1 10983
      1 10988
      4 10994
      2 10995
      2 10998
      1 10999
      1 11000
      5 11001
      5 11005
      5 11006
      5 11007
      1 11010
      1 11013
      1 11014
      2 11015
      2 11019
      1 11023
      1 11024
      1 11025
      1 11026
      1 11028
      1 11034
      4 11036
      1 11037
      1 11039
      1 11041
     12 11044
      1 11045
      1 11046
      6 11048
      3 11049
      1 11051
      3 11052
      1 11056
      3 11057
      1 11059
      3 11061
      7 11062
      1 11063
      2 11067
      1 11068
      1 11069
      1 11070
      3 11072
      8 11073
      2 11075
      2 11076
     20 11077
      3 11079
      1 11081
      2 11082
      1 11084
      1 11089
      3 11090
      1 11091
      7 11092
      4 11094
      9 11097
      2 11099
      2 11104
      2 11106
      7 11109
      1 11110
     11 11111
      7 11113
      3 11119
      2 11122
      3 11123
      1 11125
      2 11126
      1 11127
      3 11130
      1 11132
      1 11134
     12 11135
      8 11137
     17 11138
      1 11139
      3 11140
      8 11141
      2 11142
      1 11145
      5 11146
      2 11147
      1 11149
      1 11150
      4 11153
      1 11154
     13 11158
      4 11159
      4 11161
      1 11164
      1 11169
      1 11170
      6 11171
      2 11172
      1 11173
      2 11175
      2 11179
      2 11183
      3 11188
      7 11193
      3 11194
      1 11196
      9 11197
      1 11198
      5 11201
      1 11203
      2 11204
      1 11208
      1 11209
      1 11210
      1 11211
      1 11213
      1 11219
      3 11221
      2 11222
      2 11224
      3 11226
      1 11229
      1 11231
      5 11232
      1 11233
      2 11234
     15 11235
     10 11236
      1 11237
      4 11241
      2 11242
      1 11244
      3 11245
      3 11247
      1 11248
      2 11250
      3 11251
      1 11252
      1 11259
      1 11261
      2 11265
      2 11266
      3 11271
      7 11272
      1 11274
      3 11276
      2 11278
      2 11280
      1 11281
      1 11283
      4 11285
      5 11287
      2 11288
      1 11291
      6 11292
      4 11295
      2 11297
      1 11299
      2 11300
      2 11301
      1 11305
      8 11306
      4 11308
      4 11309
      6 11310
      1 11311
      8 11314
      7 11315
     10 11316
     12 11317
      2 11318
      2 11319
      7 11320
      1 11322
      2 11323
      2 11324
      1 11326
      1 11327
      3 11329
      2 11335
      2 11338
      2 11339
      2 11342
      2 11343
      1 11382
      1 11384
      1 11389
      5 11395
      1 11455
      1 11456
      4 11460
      1 11461
      2 11462
      1 11463
      2 11478
      2 11481
      1 11482
      1 11483
      1 11485
      1 11490
      3 11494
      2 11495
      2 11499
      2 11500
      1 11503
      2 11504
      5 11506
      2 11507
      3 11508
     12 11509
      1 11510
      1 11511
      4 11512
      1 11513
      1 11516
      1 11518
      2 11523
      1 11525
      4 11526
      2 11527
      3 11528
      1 11530
      3 11535
      2 11536
      2 11537
      1 11539
      1 11541
      1 11542
      4 11546
      1 11547
      2 11548
      2 11549
      3 11550
      3 11552
      1 11553
      1 11554
      1 11556
      1 11558
      7 11559
      2 11561
      1 11562
     19 11564
      2 11566
      3 11568
      1 11569
      1 11573
      6 11575
      1 11576
      1 11577
      3 11578
      1 11579
      4 11581
      3 11583
      5 11585
      2 11586
      3 11591
      2 11592
      4 11593
      7 11594
      4 11595
      1 11596
      1 11597
      4 11598
      2 11599
      3 11602
      2 11603
      5 11605
      2 11607
      2 11609
      6 11610
      1 11611
      2 11612
      1 11613
      1 11614
      6 11615
      5 11617
      1 11618
      2 11619
      1 11620
      3 11624
      1 11625
      2 11626
      7 11627
      2 11630
     10 11632
      1 11635
      2 11637
      4 11638
      2 11642
      1 11648
      2 11650
      7 11651
      1 11652
      2 11653
      2 11655
      4 11658
      1 11660
      1 11663
      1 11665
      1 11667
      1 11669
      4 11672
     14 11674
      5 11675
     15 11676
      1 11678
      1 11679
      3 11680
      1 11682
      3 11684
      1 11685
      1 11687
      3 11690
      2 11694
      2 11697
      3 11700
      2 11701
      1 11702
      1 11717
      2 11725
      7 11727
      2 11728
      4 11729
      1 11730
      1 11731
      1 11732
     26 11733
      4 11734
      4 11736
      5 11740
      1 11741
      2 11742
      2 11744
      2 11751
      1 11753
      2 11758
      1 11760
      1 11762
      1 11763
      3 11765
      7 11769
      2 11770
      1 11772
      2 11778
      2 11779
      1 11780
      5 11781
      9 11782
      1 11786
      4 11787
      2 11789
      2 11792
      1 11797
      5 11798
      7 11800
      5 11804
     11 11805
      3 11806
      3 11808
      2 11811
      2 11815
      1 11817
      3 11818
      1 11819
      1 11820
      2 11821
      2 11823
      2 11824
      2 11826
      2 11827
      1 11829
     12 11832
      1 11833
      1 11834
      2 11837
      3 11841
      1 11843
      6 11845
      7 11847
      1 11849
      1 11850
     10 11851
      3 11852
      1 11855
      2 11857
      1 11859
      1 11860
      2 11862
      1 11863
      4 11864
      2 11866
      1 11868
      1 11870
      1 11871
      6 11872
      1 11873
      2 11874
      8 11876
      4 11880
      1 11881
      3 11882
      3 11883
      4 11885
      1 11886
      2 11887
      3 11888
      1 11889
      2 11890
      1 11893
      8 11895
      1 11896
      6 11897
     14 11900
      1 11903
      1 11904
      4 11906
      1 11909
      1 11912
      2 11913
      6 11914
      6 11915
      5 11916
      2 11918
      1 11919
      1 11923
      3 11924
      1 11927
      2 11930
      2 11932
      6 11933
      1 11936
      4 11938
      2 11939
      1 11940
      2 11941
      4 11944
      4 11948
      1 11949
      2 11954
      1 11955
      2 11958
      1 11960
      3 11961
      1 11962
      1 11964
      6 11970
      2 11971
      1 11973
      3 11975
      3 11976
      1 11978
      2 11979
      1 11981
      1 11982
      5 11984
      6 11990
      3 11992
      2 11994
      1 11995
      4 11996
      1 11998
      3 12000
      1 12002
      1 12004
      1 12005
      1 12006
      3 12010
      1 12012
      2 12013
      1 12016
      2 12017
      1 12024
      3 12025
      1 12026
      1 12028
      1 12029
      1 12032
      3 12035
      4 12038
      2 12039
      1 12043
      3 12044
      2 12045
      1 12046
      1 12047
      4 12048
      1 12050
      1 12051
      1 12052
      1 12054
      2 12056
      1 12059
      9 12060
     10 12061
      2 12062
      3 12063
      1 12065
      1 12068
      1 12069
      1 12070
      1 12071
      1 12075
      9 12078
      1 12079
      3 12080
      1 12081
      1 12082
      1 12084
      1 12085
      2 12087
      2 12090
      5 12091
      1 12093
      2 12094
      1 12096
      3 12097
      2 12098
      2 12100
      1 12104
      1 12107
      5 12109
      1 12110
      1 12111
      8 12113
      8 12114
      2 12115
      2 12116
      3 12118
      4 12119
      3 12123
      2 12124
      1 12125
      2 12126
      1 12127
      3 12128
      8 12129
      3 12130
      6 12133
      6 12134
      2 12135
      3 12143
      2 12145
      1 12146
      1 12147
      2 12148
      2 12150
      1 12156
      6 12159
      5 12160
      2 12161
      1 12162
      3 12163
      2 12165
      1 12166
      1 12168
      3 12169
      8 12172
      1 12173
      5 12174
     10 12175
     12 12176
      1 12177
      5 12178
      1 12179
      3 12188
     10 12189
      1 12190
      2 12191
      3 12193
      2 12195
      2 12196
      1 12198
      1 12206
      4 12208
      1 12210
      1 12211
      1 12212
      3 12213
      1 12215
      1 12216
      1 12218
      2 12219
      2 12220
      2 12224
      1 12225
      1 12226
      5 12228
      1 12229
      3 12233
      5 12234
      2 12235
      4 12236
      2 12237
      1 12238
      1 12239
      2 12241
      1 12244
      1 12250
      1 12251
      1 12254
      2 12255
      4 12260
      2 12261
      3 12263
      4 12265
      2 12266
      4 12269
      3 12270
      1 12271
      3 12273
      1 12278
      1 12279
      1 12280
      1 12281
      1 12282
      1 12285
      1 12286
      2 12288
      4 12289
      1 12291
      4 12292
      2 12295
      1 12296
      1 12297
      2 12300
      4 12303
      5 12304
      5 12305
      1 12306
      3 12308
      3 12309
      1 12310
      1 12312
      1 12313
      1 12314
      1 12315
      1 12318
      1 12319
      1 12320
      4 12322
      8 12324
      2 12326
      1 12328
      3 12331
      1 12333
      3 12334
      4 12335
      1 12337
      5 12338
      2 12342
      1 12348
      5 12349
      3 12350
      1 12353
      1 12354
      1 12359
      1 12367
      4 12370
      2 12371
      4 12373
      1 12375
      7 12377
      2 12383
      2 12384
      8 12388
     10 12389
      3 12390
      1 12391
      1 12393
      1 12397
      3 12398
      2 12400
      1 12402
      1 12405
      1 12407
      1 12408
      1 12409
      1 12410
      1 12411
      1 12412
      1 12413
      1 12414
      1 12415
      1 12416
      1 12417
      1 12418
      1 12419
      1 12420
      1 12421
      1 12422
      2 12425
      2 12426
      1 12428
      2 12430
      3 12431
      1 12433
      2 12435
      1 12438
      1 12442
      1 12443
      3 12444
      2 12445
      2 12446
      1 12447
      6 12448
      2 12450
      2 12451
      1 12453
      2 12454
     10 12456
      1 12457
      6 12460
      5 12461
      2 12462
      1 12464
      3 12465
      1 12466
      1 12468
      4 12470
      2 12474
      1 12475
      1 12477
      1 12481
      2 12482
      8 12484
      1 12487
      1 12491
      4 12492
     13 12497
      4 12498
      6 12499
      6 12500
      3 12509
      2 12512
      5 12517
      3 12518
      1 12519
      1 12520
      2 12521
      3 12522
      4 12525
      1 12526
      1 12529
      2 12530
     10 12531
      6 12532
      3 12534
      1 12535
     10 12536
      2 12537
      3 12538
     16 12539
      3 12540
      1 12544
      2 12545
      1 12549
      2 12550
      1 12553
      1 12554
      2 12556
      2 12557
      1 12564
     14 12566
      2 12578
      3 12579
      3 12580
      9 12582
      1 12585
      1 12586
      1 12587
      2 12589
      1 12590
      3 12591
      4 12593
      2 12594
      2 12596
      4 12604
      1 12607
      2 12608
      2 12609
      1 12614
      1 12615
      2 12620
      3 12621
      5 12622
      1 12623
      3 12625
      1 12628
      1 12630
      1 12632
      1 12633
      1 12634
      1 12635
      3 12639
      1 12640
      3 12641
      1 12642
      1 12643
      1 12644
      2 12645
      6 12647
      1 12648
      1 12649
      1 12650
      2 12651
      3 12655
      1 12657
      3 12658
      4 12663
      2 12665
      6 12666
      1 12668
      1 12670
      5 12672
      2 12674
      2 12680
      5 12681
      4 12682
      1 12686
      1 12687
      1 12690
      1 12691
      2 12692
      6 12693
      3 12695
      2 12696
      2 12698
      2 12699
      5 12700
      4 12701
      1 12702
      1 12704
      2 12706
      1 12708
      1 12709
      2 12710
      4 12711
      1 12712
      3 12714
      1 12717
      3 12719
      1 12721
      1 12726
      3 12728
      2 12729
      1 12730
      1 12731
      1 12733
      1 12738
      3 12739
      2 12740
      1 12743
      4 12744
      1 12748
      1 12749
      1 12750
      1 12751
      1 12752
      1 12764
      5 12765
      2 12766
      2 12767
      1 12768
      1 12770
      1 12772
      4 12777
      3 12782
      5 12784
      1 12785
      1 12786
      1 12787
      2 12790
      1 12791
      2 12792
      1 12793
      4 12794
      4 12795
      1 12797
      3 12798
      1 12800
      1 12802
      2 12804
      1 12805
      1 12807
      1 12808
      2 12809
      2 12816
      2 12821
      2 12823
      1 12826
      2 12828
      9 12829
      2 12830
      8 12834
      1 12836
      1 12838
      1 12841
      1 12843
      1 12845
      2 12847
      1 12850
      1 12855
      3 12857
      3 12858
      1 12859
      3 12862
      1 12863
      1 12864
      1 12868
      2 12870
      1 12871
      2 12872
      7 12874
      1 12875
      2 12876
      2 12877
      2 12878
      1 12880
      1 12881
      2 12884
      1 12886
      1 12887
      2 12890
      1 12891
      2 12894
      2 12895
      1 12896
      3 12897
      2 12898
      1 12902
      1 12907
      1 12908
      3 12910
      4 12911
      1 12914
      1 12917
      4 12918
      4 12919
      1 12920
      2 12923
      2 12925
      1 12926
      1 12929
      2 12930
      4 12932
      3 12936
      1 12939
      7 12940
      3 12941
      2 12942
      2 12943
      3 12944
      1 12946
     14 12947
      1 12951
      1 12952
      4 12955
      4 12956
      1 12958
      4 12959
      1 12960
      1 12961
      1 12962
      2 12964
      2 12967
      1 12968
     14 12971
      2 12972
      1 12974
      5 12975
      1 12977
      1 12982
      1 12985
      1 12987
      3 12991
      1 12994
      1 12995
      1 13000
      1 13002
      2 13003
      5 13006
      1 13010
      3 13011
      1 13012
      1 13013
      1 13014
      1 13017
      1 13021
      1 13022
      1 13023
      1 13024
      1 13025
      2 13026
      3 13027
      2 13028
      5 13030
      1 13032
      1 13033
      1 13035
      1 13036
      1 13044
      2 13045
      4 13047
      3 13049
      3 13050
      2 13051
      1 13052
      1 13053
      5 13055
      1 13056
      2 13060
      1 13061
      2 13062
      2 13063
      1 13064
      1 13065
      2 13067
      1 13069
      6 13071
      3 13072
      6 13073
      2 13074
      8 13075
      2 13078
      1 13079
      1 13081
      1 13082
      2 13083
      2 13085
      1 13086
      1 13087
      8 13089
      2 13091
      3 13092
      1 13093
      1 13094
      1 13095
      1 13096
      1 13098
      1 13101
      1 13102
      1 13103
      1 13104
      1 13105
      5 13107
      2 13110
      2 13111
      1 13114
      4 13119
      1 13120
      1 13121
      1 13123
      3 13124
      1 13125
      1 13126
      5 13127
      1 13130
      1 13134
      3 13137
      2 13141
      8 13144
      3 13148
      7 13149
      1 13155
      1 13162
      1 13164
      1 13171
      3 13172
     11 13173
      1 13175
     10 13176
      4 13178
      1 13180
      4 13181
      1 13182
      3 13184
      2 13186
      1 13187
      1 13192
      4 13193
      3 13195
     17 13196
      2 13198
      2 13199
      2 13202
      1 13208
      1 13212
      2 13219
      1 13222
      4 13224
      1 13225
      5 13226
      2 13227
      3 13229
      3 13231
      1 13232
      4 13234
      1 13235
      8 13242
      2 13243
      6 13244
      1 13245
     11 13246
      1 13250
      2 13252
      1 13253
      1 13254
      3 13256
      2 13257
      2 13258
      1 13260
      8 13261
      1 13264
      1 13265
      1 13266
      1 13267
     16 13268
      1 13269
     18 13270
      2 13271
      1 13272
      1 13274
      6 13276
      3 13277
      2 13280
      3 13284
      1 13285
      1 13289
      2 13290
      3 13291
      1 13292
      3 13294
      3 13295
      1 13297
      1 13298
      1 13299
      2 13300
      1 13302
      6 13303
      8 13304
      2 13305
      3 13306
      5 13310
      1 13311
      2 13314
      1 13319
      2 13320
     11 13322
      6 13323
      1 13324
      3 13326
      2 13328
      1 13330
      4 13331
      4 13334
      1 13336
      1 13337
      1 13339
      3 13341
      1 13343
      2 13344
      2 13347
      3 13348
      1 13350
      3 13357
      1 13359
      2 13362
      1 13363
      1 13365
      1 13367
      5 13369
      3 13373
      4 13375
      3 13377
      1 13378
      2 13380
      2 13382
      6 13385
      4 13388
      1 13390
      1 13394
      1 13397
      6 13398
      6 13402
      2 13403
      6 13406
      2 13407
      1 13408
      5 13410
      1 13411
      4 13412
      1 13413
      1 13414
      4 13415
      7 13416
      1 13417
      8 13418
      1 13420
      1 13421
      3 13422
      2 13423
      1 13424
      1 13425
      1 13426
      1 13428
      4 13430
      3 13431
      3 13433
      3 13435
      3 13437
      3 13438
      1 13440
      2 13441
      2 13442
      2 13443
      1 13444
      2 13446
      4 13448
      1 13449
      2 13450
      2 13451
      1 13453
      1 13454
      3 13455
      3 13456
      3 13457
      1 13458
      2 13461
      1 13465
      9 13468
      5 13469
      8 13472
     14 13473
      1 13475
      6 13476
      2 13477
      4 13478
      7 13479
      6 13480
      5 13481
      2 13482
      2 13483
      1 13485
      1 13494
      1 13495
      1 13496
      2 13497
      1 13498
      2 13501
      1 13504
      1 13507
      1 13508
      1 13511
      2 13514
      1 13517
      7 13519
      3 13520
      1 13521
      4 13525
      2 13529
      1 13530
      5 13537
      4 13538
      2 13539
      2 13540
      2 13543
      2 13544
      1 13547
      1 13548
      4 13549
      4 13550
      1 13551
      1 13562
      1 13564
      2 13566
     12 13568
      3 13571
      4 13572
      3 13575
      5 13577
      2 13579
      2 13580
      4 13581
      7 13584
      1 13586
      1 13588
      4 13589
      4 13592
      1 13593
      1 13595
      2 13597
      1 13599
     11 13603
      3 13604
      1 13605
      2 13606
      1 13612
      6 13615
      1 13618
      1 13619
      1 13620
      1 13622
      2 13623
      1 13624
      1 13625
      1 13626
      1 13627
      2 13628
      3 13629
      1 13630
      1 13631
      4 13632
      5 13634
      5 13636
      2 13638
      3 13639
      4 13642
      9 13647
      1 13650
      2 13653
      8 13655
      3 13656
      2 13657
      1 13658
      3 13659
      1 13660
      2 13664
      2 13665
      3 13668
      6 13669
      1 13672
      2 13673
      3 13674
      5 13678
      1 13679
      1 13681
      2 13682
      2 13684
      3 13685
      5 13686
      4 13687
      1 13688
      1 13689
      1 13691
     28 13692
      2 13693
      3 13695
      3 13699
      3 13700
      6 13701
      3 13705
      1 13706
      2 13711
      3 13713
      1 13714
      3 13715
      2 13716
      1 13718
      2 13721
      1 13725
      2 13726
      4 13731
      2 13733
      2 13734
      1 13735
      1 13738
      2 13739
      3 13741
      1 13743
      2 13745
      2 13748
      1 13749
      2 13750
      3 13751
      2 13752
      2 13755
      2 13757
      1 13758
      7 13759
      1 13760
      1 13761
      1 13762
      1 13763
      1 13764
      1 13765
      1 13766
      1 13767
      1 13768
      1 13769
      1 13770
      6 13773
      3 13779
      1 13782
     11 13783
      1 13784
      2 13787
      2 13789
      3 13791
      3 13792
      2 13794
      1 13797
      1 13804
      1 13818
      1 13821
      6 13823
      1 13824
      2 13825
      4 13826
      1 13829
      2 13830
      1 13831
      1 13833
      2 13834
      2 13836
      1 13843
      1 13844
      2 13845
      1 13849
      1 13852
      2 13854
      3 13855
      1 13856
      2 13857
      1 13858
      8 13861
      1 13862
      2 13863
      1 13865
      1 13866
      1 13871
      1 13872
      3 13879
      3 13882
      3 13883
     14 13884
      2 13887
      2 13889
      1 13894
      2 13897
      9 13899
      1 13900
     10 13901
      4 13902
      1 13903
      2 13904
      4 13905
      3 13907
      6 13919
      1 13920
      4 13921
      3 13926
      1 13927
      6 13928
      3 13931
      2 13933
      3 13934
      4 13936
      1 13937
      2 13938
      2 13942
      1 13943
      1 13944
      1 13946
      1 13948
      4 13949
      3 13950
      2 13951
      2 13952
      2 13957
      1 13958
      2 13959
      4 13962
      7 13964
      2 13966
      1 13969
      1 13972
      2 13973
      1 13974
      2 13975
      2 13977
      1 13979
      1 13980
     13 13981
      5 13982
      1 13983
      2 13984
      1 13986
      8 13988
      1 13990
      2 13991
      1 13993
      1 13995
      1 13996
      1 13997
      1 14000
      1 14001
      1 14002
      2 14003
      3 14007
      4 14009
      1 14010
      2 14013
     17 14015
      1 14018
      1 14019
      5 14021
      3 14022
      1 14025
      1 14026
      1 14033
      4 14034
      2 14036
      1 14037
      1 14043
      1 14044
      1 14047
      6 14048
      3 14049
      1 14051
      2 14056
      7 14058
      4 14060
      3 14062
      5 14063
      1 14064
      1 14066
      1 14068
      2 14069
      6 14078
      2 14079
      4 14080
      2 14081
      1 14082
      3 14083
      1 14084
      1 14085
      1 14088
      3 14089
      2 14091
      1 14092
      1 14093
      1 14097
      1 14100
      1 14102
      1 14104
      3 14105
      1 14106
      4 14107
      9 14110
      2 14111
      1 14112
      1 14114
      3 14118
      4 14119
      5 14122
      7 14123
      2 14125
      4 14126
      2 14131
      2 14132
      3 14133
      2 14134
      5 14137
      1 14143
      1 14146
      2 14150
      1 14154
      6 14155
      3 14157
      6 14159
      1 14160
      1 14161
      1 14162
      2 14163
      1 14165
      4 14167
      2 14169
      1 14170
      1 14172
      1 14176
      3 14177
      3 14178
      1 14179
      2 14182
      1 14185
      1 14186
      1 14188
      2 14189
      4 14190
      1 14191
      1 14193
      1 14194
      3 14197
      5 14198
      1 14199
      1 14200
      4 14201
      1 14203
      1 14205
      5 14211
      2 14213
      8 14214
      2 14217
      1 14218
      2 14219
      1 14220
      1 14223
      3 14224
      1 14225
      2 14227
      5 14232
      3 14234
      1 14236
      1 14237
      1 14239
      3 14240
      3 14241
      1 14242
      3 14243
      6 14244
      3 14245
      1 14246
      5 14247
      1 14248
      2 14249
      5 14250
      1 14253
      1 14255
      1 14256
      3 14257
      5 14259
      3 14260
      2 14262
      1 14264
      1 14265
      5 14266
      1 14268
      2 14270
      1 14271
      1 14272
      4 14277
      1 14278
      1 14279
      1 14280
      1 14281
      4 14283
      1 14284
      7 14287
      3 14288
      3 14291
      1 14293
      2 14294
      1 14295
      5 14302
      3 14303
      7 14304
      1 14308
      1 14310
      1 14311
      1 14312
      1 14313
      1 14316
      2 14319
      2 14320
      5 14322
      1 14324
      1 14325
      2 14326
      3 14331
      1 14332
      6 14335
      2 14337
      1 14338
      1 14339
      2 14342
      3 14343
      6 14344
      6 14345
      1 14346
      3 14350
      6 14352
      1 14353
      4 14360
      4 14361
      4 14362
      1 14363
      1 14364
     10 14365
      2 14369
      1 14371
      1 14373
      6 14376
      1 14378
      1 14379
      2 14380
      1 14381
      2 14382
      3 14383
      1 14386
      4 14387
      1 14389
      1 14391
      1 14392
      1 14394
      4 14398
      4 14401
      2 14402
      1 14405
      1 14408
      1 14411
      1 14412
      1 14413
      1 14418
      1 14424
      1 14427
      1 14431
      1 14434
      1 14436
      2 14437
      1 14438
      7 14441
     13 14442
     13 14443
      1 14446
      1 14450
      2 14451
      1 14452
      1 14453
      4 14455
      2 14456
      3 14458
      3 14459
      2 14460
      2 14461
      1 14465
      1 14475
      2 14477
      2 14482
      3 14484
      1 14485
      1 14487
      2 14488
      2 14489
      1 14490
      3 14492
      4 14493
      2 14494
      1 14500
      4 14501
      1 14509
      1 14511
      2 14512
      1 14513
      5 14519
      1 14521
      1 14522
      4 14523
      1 14524
      2 14525
      2 14527
      3 14531
      2 14533
      1 14535
      1 14536
      4 14537
      2 14539
      5 14541
      3 14543
      1 14544
      4 14547
      3 14553
      3 14554
      1 14556
      3 14559
      1 14560
      2 14561
      1 14565
      1 14566
      3 14567
      1 14568
      2 14570
      1 14571
      1 14574
      3 14576
      3 14578
      3 14580
      1 14585
      1 14589
      2 14591
      2 14593
      1 14594
      1 14596
      1 14597
      1 14600
      2 14601
      4 14602
      1 14604
      2 14606
      2 14610
      4 14614
      3 14615
      2 14617
      2 14619
     16 14620
      1 14624
      1 14628
      1 14629
      1 14630
      3 14631
      2 14633
      1 14634
      1 14636
      2 14641
      1 14642
      3 14644
      3 14646
      1 14650
      4 14656
      2 14657
      1 14661
      1 14662
      1 14665
      4 14666
      3 14667
      1 14668
      8 14669
      1 14671
      1 14672
      1 14674
      2 14676
      1 14677
      1 14679
      7 14681
      1 14682
      1 14683
      1 14686
      1 14687
      2 14688
      1 14690
     19 14695
      5 14696
      3 14697
      3 14702
      2 14705
      4 14708
      3 14709
      1 14711
      1 14713
      5 14714
      5 14715
      4 14716
      2 14717
     10 14718
      1 14719
      1 14722
      4 14723
      5 14726
      3 14727
      7 14729
      2 14731
      4 14732
      1 14734
      1 14735
      1 14736
      2 14737
      1 14739
      2 14742
      1 14744
      2 14745
      6 14747
      1 14749
      1 14750
      2 14752
      2 14758
      1 14761
      1 14762
      1 14766
      1 14767
      6 14769
      4 14770
     10 14771
      1 14772
      2 14776
      2 14777
      1 14780
      1 14781
      2 14784
      3 14786
      2 14789
      1 14796
      1 14797
      2 14800
      1 14802
      1 14803
      3 14804
      1 14805
      1 14809
      2 14810
      2 14811
      1 14812
      2 14813
      1 14814
      2 14815
      1 14819
      2 14821
      2 14822
      1 14827
      5 14830
      1 14833
      1 14835
      1 14838
      1 14839
      1 14841
      1 14843
      3 14844
      1 14845
      1 14846
      1 14847
      1 14848
      1 14853
      1 14854
      2 14855
      2 14856
      2 14857
      1 14858
      1 14859
      3 14861
      1 14862
      2 14863
     12 14864
      4 14867
      2 14868
      1 14869
      1 14871
      1 14873
      2 14874
      1 14877
      3 14879
      4 14880
      4 14881
      1 14883
      2 14885
      2 14889
      2 14893
      1 14896
      1 14898
      1 14900
     21 14901
     15 14902
      6 14903
      1 14904
      1 14905
      6 14906
      2 14907
      1 14908
      1 14909
      1 14910
      5 14912
      1 14913
      1 14918
      2 14919
      1 14920
      1 14921
      4 14923
      1 14926
      2 14927
      2 14930
      5 14932
     18 14933
      1 14934
      1 14935
      2 14938
      6 14940
      5 14943
      5 14946
      1 14947
      2 14948
      3 14955
      3 14956
      1 14957
      2 14960
      1 14961
      1 14964
      1 14966
      2 14967
      3 14969
      5 14970
      1 14971
      1 14972
      3 14973
      1 14974
     10 14976
      3 14977
      2 14978
      2 14979
      2 14980
      3 14982
      5 14985
      3 14988
      1 14989
      1 14990
      1 14991
      8 14994
      7 14995
      2 14996
      3 14997
